0.991625607 -0.003949071 0.129085153 -0.000015964 0.001145180 0.999761939 0.021788262 0.000000776 -0.129140452 -0.021457974 0.991394103 0.000017223
0.988732755 -0.003037483 0.149660513 -0.000018694 -0.000352359 0.999744236 0.022618482 0.000001309 -0.149690941 -0.022416372 0.988478661 0.000018449
0.976685762 -0.001923588 0.214665294 -0.053411551 -0.002274467 0.999810994 0.019307561 0.003878996 -0.214661866 -0.019345673 0.976496816 0.007983023
0.972591579 -0.000580554 0.232519463 -0.060484301 -0.003794260 0.999824226 0.018367136 0.004548191 -0.232489213 -0.018745964 0.972418249 0.007769029
0.982397139 0.002127688 0.186792225 -0.000032802 -0.006566196 0.999710619 0.023146244 -0.000000052 -0.186688930 -0.023965323 0.982126653 0.000014563
0.981338024 0.001312690 0.192286029 -0.002500789 -0.005758045 0.999728858 0.022561472 0.000524540 -0.192204267 -0.023247620 0.981079519 -0.000303237
0.981392145 0.002023633 0.192003682 -0.000175402 -0.006559004 0.999714196 0.022988621 -0.000146056 -0.191902310 -0.023820208 0.981124878 -0.000023440
0.976172626 -0.000314641 0.216995195 -0.026953645 -0.004349855 0.999769568 0.021017881 0.001689802 -0.216951802 -0.021460978 0.975946248 0.002032753
0.975943089 -0.000889995 0.218023479 -0.026963674 -0.003868741 0.999763429 0.021398861 0.001623414 -0.217991009 -0.021727551 0.975708723 0.001858553
0.975700080 -0.002038606 0.219100818 -0.026925953 -0.002766125 0.999762416 0.021620315 0.001701886 -0.219092876 -0.021701006 0.975462615 0.002082275
0.975573897 -0.002715178 0.219654396 -0.027016683 -0.002175215 0.999755204 0.022019114 0.001695862 -0.219660416 -0.021959072 0.975329280 0.001851882
0.975478709 -0.003624940 0.220063910 -0.027078593 -0.001426574 0.999739230 0.022791494 0.001645732 -0.220089152 -0.022546556 0.975219131 0.001788673
0.976420999 -0.004586991 0.215826526 -0.021935821 -0.000622995 0.999710083 0.024065472 0.001364370 -0.215874419 -0.023632487 0.976135015 0.001162373
0.976400495 -0.005716105 0.215892330 -0.022155710 0.000393816 0.999695182 0.024687491 0.001386660 -0.215967625 -0.024019854 0.976105034 0.001081992
0.976386130 -0.006192877 0.215944231 -0.021940226 0.000755273 0.999680758 0.025254026 0.001360975 -0.216031685 -0.024494583 0.976078928 0.001245432
0.976166844 -0.006715513 0.216917828 -0.023089370 0.001097013 0.999660969 0.026011541 0.001496482 -0.217019081 -0.025153644 0.975843251 0.001039194
0.976169884 -0.007715634 0.216870278 -0.023065317 0.001925096 0.999636292 0.026899053 0.001506444 -0.216998965 -0.025840553 0.975829780 0.001074755
0.976203799 -0.008465538 0.216689348 -0.022834478 0.002442134 0.999603450 0.028050117 0.001610444 -0.216840863 -0.026853452 0.975837588 0.001519925
0.976167858 -0.009901425 0.216790840 -0.022997601 0.003645149 0.999565721 0.029239465 0.001527575 -0.216986224 -0.027752390 0.975780070 0.001260849
0.980217755 -0.009392017 0.197699174 -0.000035808 0.003106088 0.999480367 0.032081548 0.000000599 -0.197897732 -0.030832831 0.979737639 0.000013248
0.980300665 -0.009224490 0.197295949 0.000274365 0.002728322 0.999445856 0.033172514 0.000072803 -0.197492614 -0.031980749 0.979782581 0.000522307
0.980247498 -0.010704599 0.197485030 -0.000202171 0.004005853 0.999403894 0.034288634 -0.000061270 -0.197734341 -0.032820251 0.979706109 -0.000243765
0.980307221 -0.010912120 0.197176605 0.000128650 0.004134262 0.999387383 0.034753550 0.000056094 -0.197435006 -0.033253983 0.979751825 0.000372704
0.976401448 -0.012549238 0.215598285 -0.022106549 0.005289731 0.999400377 0.034215543 0.001192476 -0.215898409 -0.032267649 0.975882411 0.000497788
0.976481378 -0.012941011 0.215212896 -0.021903457 0.005665609 0.999392509 0.034388199 0.001322783 -0.215527192 -0.032360122 0.975961447 0.000771483
0.976441681 -0.012822545 0.215400085 -0.022149477 0.005426681 0.999376297 0.034891855 0.001187331 -0.215713128 -0.032900956 0.975902319 0.000415356
0.976516128 -0.012415309 0.215086222 -0.021897089 0.004975867 0.999371529 0.035095178 0.001286032 -0.215386808 -0.033200763 0.975964189 0.000789403
0.976664841 -0.012008341 0.214432910 -0.021332124 0.004431593 0.999349952 0.035779722 0.000777899 -0.214723170 -0.033994522 0.976083159 0.000147494
0.976618946 -0.012054072 0.214639872 -0.021355223 0.004465990 0.999348998 0.035802532 0.000793364 -0.214931682 -0.034006853 0.976036847 0.000133760
0.976579010 -0.011478359 0.214852557 -0.021278705 0.003874739 0.999352157 0.035777722 0.000834664 -0.215124056 -0.034107272 0.975990891 0.000280642
0.976508260 -0.011810411 0.215156272 -0.021154026 0.004199069 0.999350071 0.035798695 0.000965512 -0.215439245 -0.034054261 0.975923240 0.000699168
0.976474822 -0.011862543 0.215304747 -0.020525979 0.004273242 0.999354064 0.035680443 0.001149310 -0.215588927 -0.033921003 0.975894749 0.001315947
0.976281703 -0.012445773 0.216146186 -0.018630341 0.004923973 0.999364495 0.035303324 0.001900701 -0.216448188 -0.033401694 0.975722551 0.004095297
0.974630058 -0.012180913 0.223490089 -0.018755732 0.004414232 0.999369979 0.035218537 0.001846828 -0.223778233 -0.033338517 0.974069715 0.004120674
0.972998500 -0.011951216 0.230501935 -0.017839745 0.004015013 0.999383867 0.034868486 0.002189192 -0.230776638 -0.033001512 0.972446859 0.005476739
0.971109629 -0.008665688 0.238476485 -0.015629474 -0.000518455 0.999261439 0.038422100 -0.001289334 -0.238633305 -0.037435707 0.970387936 0.007010254
0.968951166 -0.008257635 0.247113958 -0.014858002 -0.001027938 0.999299049 0.037423499 -0.000208919 -0.247249812 -0.036515567 0.968263507 0.007125542
0.966880739 -0.005759702 0.255163699 -0.011807444 -0.004148539 0.999258697 0.038275719 0.000093504 -0.255195022 -0.038066607 0.966139913 0.007174845
0.964122713 -0.007514106 0.265350550 -0.009240168 -0.003820662 0.999103069 0.042174213 0.000374048 -0.265429437 -0.041674938 0.963229179 0.006990247
0.959926069 -0.009328519 0.280097842 -0.009518460 -0.003533982 0.998963475 0.045381323 0.000448174 -0.280230850 -0.044552580 0.958898127 0.009596299
0.955567658 -0.010720811 0.294576645 -0.009019023 -0.003230890 0.998897433 0.046834413 0.001248151 -0.294753999 -0.045705199 0.954479456 0.011472534
0.950170100 -0.011754313 0.311510354 -0.011922443 -0.004092438 0.998732328 0.050168235 -0.000074711 -0.311705083 -0.048943203 0.948917568 0.013116058
0.946529567 -0.011370409 0.322416872 -0.012254920 -0.005402153 0.998679996 0.051078901 -0.000088504 -0.322572052 -0.050089434 0.945218682 0.012521521
0.942763746 -0.010748491 0.333287984 -0.011698368 -0.007047207 0.998614848 0.052139468 -0.000710276 -0.333386719 -0.051503949 0.941382229 0.014091511
0.939027429 -0.009812651 0.343702257 -0.011347670 -0.008910345 0.998562455 0.052852750 -0.001315591 -0.343726784 -0.052692678 0.937590182 0.014470793
0.935664535 -0.011042161 0.352718145 -0.010624325 -0.007949074 0.998597205 0.052348696 -0.000325728 -0.352801472 -0.051784590 0.934264123 0.015053927
0.931988835 -0.010491044 0.362335503 -0.011402244 -0.008958307 0.998609185 0.051955979 0.000511866 -0.362376630 -0.051668297 0.930598497 0.014484903
0.929428577 -0.010143393 0.368862659 -0.009159549 -0.010074004 0.998552144 0.052842904 0.000752942 -0.368864506 -0.052829634 0.927980483 0.015275202
0.924949467 -0.010762862 0.379937738 -0.009228073 -0.011388828 0.998365343 0.056007501 0.002036769 -0.379919410 -0.056131158 0.923314869 0.016887402
0.921111047 -0.012602398 0.389096469 -0.008259234 -0.012150501 0.998058259 0.061089952 0.002130695 -0.389110833 -0.060998335 0.919169128 0.016569318
0.916813552 -0.015390049 0.399018884 -0.007950833 -0.012274814 0.997698665 0.066684425 0.000999179 -0.399126828 -0.066035062 0.914514601 0.017369037
0.911630213 -0.018224278 0.410607189 -0.006706205 -0.011958819 0.997417331 0.070820101 0.001960944 -0.410837322 -0.069472112 0.909057856 0.018165153
0.905339003 -0.023123909 0.424059659 -0.006460502 -0.009742065 0.997123003 0.075171635 0.003263129 -0.424577892 -0.072187029 0.902509093 0.021519966
0.899756670 -0.026331222 0.435596913 -0.007054668 -0.010074309 0.996658742 0.081055820 0.002417692 -0.436275750 -0.077318855 0.896484971 0.022224948
0.894233048 -0.030896336 0.446534276 -0.008827769 -0.007489822 0.996442258 0.083944447 0.003604123 -0.447539240 -0.078410342 0.890820086 0.024047034
0.890010476 -0.031640392 0.454840750 -0.008335561 -0.008684511 0.996231794 0.086294979 0.003773338 -0.455857188 -0.080753535 0.886381984 0.024656795
0.885211468 -0.031509686 0.464120537 -0.011102947 -0.011916051 0.995840073 0.090336055 0.003181751 -0.465036303 -0.085496999 0.881153464 0.023872690
0.882059813 -0.033741660 0.469927818 -0.010800687 -0.012313334 0.995440543 0.094586663 0.003325594 -0.470976681 -0.089217469 0.877622485 0.025088031
0.875329018 -0.038911071 0.481959730 -0.009459598 -0.012648206 0.994573057 0.103268497 0.002966311 -0.483362377 -0.096489817 0.870086491 0.023693344
0.871865153 -0.042140253 0.487929612 -0.008760861 -0.011614936 0.994231761 0.106621638 0.004635618 -0.489608109 -0.098626949 0.866346657 0.025216855
0.867290497 -0.046096902 0.495663941 -0.010971948 -0.010615571 0.993764102 0.110995069 0.003278272 -0.497689545 -0.101526700 0.861392856 0.027851069
0.865116298 -0.047266960 0.499339253 -0.009996835 -0.010129670 0.993700147 0.111612551 0.003751605 -0.501469016 -0.101615980 0.859187484 0.028057497
0.863002181 -0.046909072 0.503017604 -0.011350458 -0.011785889 0.993539453 0.112873331 0.003028416 -0.505062521 -0.103338443 0.856874049 0.027185164
0.862776756 -0.046839211 0.503410578 -0.010918164 -0.012347290 0.993450284 0.113595918 0.003229349 -0.505434096 -0.104223676 0.856547594 0.027792370
0.861105084 -0.046903472 0.506259024 -0.012090913 -0.012830778 0.993413806 0.113861114 0.003637931 -0.508265078 -0.104542077 0.854831815 0.027862471
0.858368397 -0.047015417 0.510874927 -0.011536387 -0.013624698 0.993351817 0.114309512 0.004186178 -0.512852788 -0.105080187 0.852021217 0.029218499
0.857320964 -0.047074702 0.512625575 -0.012654406 -0.014616031 0.993182600 0.115648501 0.003499973 -0.514575064 -0.106640436 0.850788116 0.026456421
0.856371999 -0.047150109 0.514202178 -0.012363696 -0.015171239 0.993094802 0.116329230 0.003540992 -0.516136587 -0.107422173 0.849743247 0.026767900
0.853730440 -0.048303708 0.518470109 -0.009298192 -0.015221652 0.992947519 0.117573269 0.003257577 -0.520492792 -0.108267821 0.846974254 0.030491583
0.851207495 -0.048903726 0.522546113 -0.010985277 -0.015651317 0.992841125 0.118412778 0.003354964 -0.524595976 -0.108972371 0.844348431 0.028481683
0.848677337 -0.049393162 0.526599526 -0.015231105 -0.016100921 0.992755890 0.119065493 0.003274598 -0.528665781 -0.109526925 0.841734111 0.026493855
0.848184049 -0.050096001 0.527327299 -0.015528756 -0.015875831 0.992666483 0.119838752 0.003182551 -0.529463410 -0.110017091 0.841168582 0.026234478
0.847142339 -0.051307410 0.528883159 -0.017041914 -0.016765792 0.992250919 0.123113848 -0.000521171 -0.531101465 -0.113162085 0.839717507 0.026401214
0.847524107 -0.049846120 0.528411090 -0.017447025 -0.018339174 0.992235363 0.123014033 -0.000479468 -0.530439913 -0.113947988 0.840029418 0.024386905
0.848038435 -0.049102094 0.527655065 -0.018860064 -0.018277787 0.992395461 0.121725306 0.000665744 -0.529619396 -0.112872131 0.840692043 0.021894764
0.849884331 -0.045716021 0.524982572 -0.017845834 -0.020911273 0.992519438 0.120282501 0.000999579 -0.526554108 -0.113204263 0.842570782 0.016680390
0.850004554 -0.046408027 0.524727106 -0.019187992 -0.020489030 0.992445350 0.120964199 -0.000015953 -0.526376724 -0.113571264 0.842632174 0.014087207
0.850859404 -0.046189737 0.523359120 -0.018459979 -0.020432934 0.992465198 0.120810449 -0.000273439 -0.524996042 -0.113486476 0.843504488 0.012219604
0.850780547 -0.044807270 0.523607314 -0.017869499 -0.022075284 0.992431939 0.120795459 -0.001281073 -0.525057137 -0.114329204 0.843352735 0.015253301
0.850609899 -0.045687541 0.523808360 -0.016713541 -0.019578693 0.992774606 0.118385419 -0.000207515 -0.525432467 -0.110955298 0.843569636 0.017459385
0.850849926 -0.045594253 0.523426771 -0.014894802 -0.019302102 0.992842674 0.117860049 -0.000661394 -0.525054038 -0.110384449 0.843879998 0.018997941
0.851704895 -0.043953374 0.522175133 -0.008239902 -0.019805493 0.993064106 0.115894005 -0.000830009 -0.523647130 -0.109049462 0.844927132 0.023661304
0.847744703 -0.045511130 0.528448343 -0.006638215 -0.017718198 0.993326008 0.113971211 0.000507735 -0.530108392 -0.105981655 0.841280520 0.023875471
0.841440082 -0.047317222 0.538274765 -0.009258600 -0.017043477 0.993338943 0.113962442 -0.000518496 -0.540081561 -0.105066635 0.835028648 0.026575921
0.839188933 -0.046558022 0.541843534 -0.008563897 -0.016518014 0.993687153 0.110965341 0.001104476 -0.543589056 -0.102071054 0.833122075 0.024707645
0.835530996 -0.045293942 0.547573149 -0.010738013 -0.017501380 0.993896663 0.108917750 -0.000695241 -0.549164414 -0.100587435 0.829638779 0.025941622
0.833728611 -0.045412019 0.550303936 -0.006141560 -0.014971451 0.994386792 0.104740769 0.000700225 -0.551971495 -0.095564209 0.828368843 0.026686467
0.827222407 -0.042025667 0.560300827 -0.010023726 -0.019096853 0.994519889 0.102788903 -0.003337529 -0.561550081 -0.095729262 0.821886539 0.028677717
0.825349450 -0.037609413 0.563368380 -0.010761085 -0.019846953 0.995230079 0.095515981 -0.001980694 -0.564273477 -0.090015203 0.820666015 0.027009007
0.824640930 -0.037916444 0.564384341 -0.011315287 -0.017607639 0.995546699 0.092609882 -0.003713449 -0.565382361 -0.086307399 0.820301056 0.027591795
0.822978556 -0.039245419 0.566715121 -0.012529730 -0.014710510 0.995803893 0.090322591 -0.002765471 -0.567881763 -0.082670234 0.818948030 0.028417550
0.821842074 -0.041793764 0.568180323 -0.014815470 -0.010806452 0.995982468 0.088892646 -0.002585497 -0.569612801 -0.079195738 0.818088710 0.027262587
0.821576774 -0.043960404 0.568400621 -0.015963335 -0.007586808 0.996091127 0.088004358 -0.004320653 -0.570047498 -0.076614656 0.818031847 0.024686152
0.822049439 -0.043409187 0.567759275 -0.015152168 -0.004994851 0.996501744 0.083421551 -0.005054462 -0.569394529 -0.071412489 0.818956792 0.023192195
0.821728349 -0.041521519 0.568364799 -0.014327696 -0.003562959 0.996948302 0.077982664 -0.005794893 -0.569868386 -0.066105627 0.819072723 0.025242839
0.822437763 -0.040858850 0.567385912 -0.011872055 -0.000428234 0.997372508 0.072443962 -0.005690242 -0.568854988 -0.059823629 0.820259154 0.023298012
0.820329010 -0.038845714 0.570571184 -0.011434088 0.000060693 0.997696400 0.067838050 -0.006106669 -0.571892023 -0.055614885 0.818441451 0.023907438
0.816683650 -0.037308335 0.575878441 -0.014346869 0.000067134 0.997914135 0.064554743 -0.006372276 -0.577085674 -0.052682143 0.814982653 0.024188261
0.813384652 -0.038676128 0.580439270 -0.013785698 0.002119476 0.997977734 0.063527711 -0.006229552 -0.581722498 -0.050442230 0.811821818 0.025975224
0.808514416 -0.037012167 0.587311327 -0.017049989 0.001334847 0.998132825 0.061064422 -0.005144917 -0.588474870 -0.048587479 0.807054281 0.025872689
0.806905866 -0.036290132 0.589564323 -0.013848821 0.001188628 0.998208642 0.059817091 -0.007350544 -0.590678990 -0.047565978 0.805503488 0.025134396
0.802160144 -0.034318216 0.596121907 -0.016036291 -0.000127504 0.998337090 0.057644986 -0.007433921 -0.597108781 -0.046316519 0.800822079 0.024082473
0.798510611 -0.034513671 0.600990474 -0.017351316 0.000805060 0.998415411 0.056267340 -0.007451017 -0.601980031 -0.044446245 0.797273099 0.021965053
0.796141148 -0.036260065 0.604023576 -0.016031377 0.003528879 0.998464227 0.055287383 -0.007087784 -0.605100751 -0.041885033 0.795046270 0.021665117
0.793273509 -0.037220430 0.607726872 -0.016155392 0.005158559 0.998504698 0.054420196 -0.007054702 -0.608843863 -0.040035095 0.792279243 0.021478252
0.790678620 -0.036821209 0.611123204 -0.016015075 0.005276036 0.998562455 0.053338893 -0.007056163 -0.612208486 -0.038949613 0.789736271 0.022026662
0.786854386 -0.039350688 0.615882933 -0.016091028 0.008330830 0.998551369 0.053157084 -0.007138070 -0.617082357 -0.036696073 0.786042333 0.022020550
0.783915460 -0.040180277 0.619566023 -0.016739935 0.009304447 0.998551846 0.052985795 -0.007279030 -0.620797813 -0.035771664 0.783154130 0.021609025
0.781045139 -0.041105647 0.623120248 -0.016559919 0.010419870 0.998550177 0.052811097 -0.007210793 -0.624387681 -0.034755021 0.780341029 0.021837592
0.777141869 -0.041593224 0.627949417 -0.017217590 0.011050169 0.998561561 0.052465729 -0.007282889 -0.629228532 -0.033834375 0.776483417 0.020620175
0.775695920 -0.042433828 0.629678667 -0.017513752 0.012234082 0.998560548 0.052221574 -0.007295514 -0.630988300 -0.032804523 0.775098324 0.020123955
0.775768280 -0.041478742 0.629653335 -0.017207183 0.011223723 0.998586357 0.051954128 -0.007244200 -0.630918086 -0.033237305 0.775137007 0.020336701
0.775959432 -0.041879751 0.629391074 -0.018088877 0.011540485 0.998569012 0.052216928 -0.007497512 -0.630677223 -0.033254739 0.775332332 0.019404842
0.777055562 -0.043609153 0.627919614 -0.017939560 0.013210768 0.998507261 0.052998099 -0.007607797 -0.629293501 -0.032887168 0.776471615 0.019470004
0.780876398 -0.042658966 0.623227537 -0.018412476 0.011935416 0.998502374 0.053391386 -0.007800865 -0.624571741 -0.034253597 0.780215919 0.018422646
0.783835530 -0.041566197 0.619575799 -0.018104289 0.010891409 0.998523951 0.053210214 -0.007721428 -0.620873034 -0.034960009 0.783131301 0.019254869
0.784095049 -0.041209694 0.619271159 -0.019567221 0.010206872 0.998514414 0.053523108 -0.007652230 -0.620556831 -0.035646383 0.783350825 0.015891694
0.783725619 -0.042224891 0.619670272 -0.020083096 0.011484833 0.998501062 0.053513370 -0.007586493 -0.621001005 -0.034822993 0.783035815 0.015201089
0.782315075 -0.041608889 0.621491611 -0.020635350 0.012676565 0.998623252 0.050900977 -0.005045732 -0.622753859 -0.031942230 0.781765521 0.017480802
0.782636344 -0.042160988 0.621049821 -0.017869903 0.013779663 0.998632550 0.050428919 -0.005265853 -0.622326672 -0.030909650 0.782146990 0.018262131
0.782425225 -0.043427512 0.621228456 -0.015144043 0.014729879 0.998576939 0.051254384 -0.005904163 -0.622570276 -0.030952105 0.781951547 0.019669844
0.778494596 -0.044663072 0.626060247 -0.015466338 0.017203100 0.998608649 0.049848884 -0.003602084 -0.627415538 -0.028036909 0.778179646 0.020488676
0.776591063 -0.047134109 0.628239512 -0.012185622 0.019259546 0.998507380 0.051106274 -0.004806513 -0.629710436 -0.027589070 0.776339710 0.023406055
0.774562776 -0.048317779 0.630648851 -0.012865835 0.020957256 0.998490870 0.050760671 -0.004787229 -0.632149816 -0.026100649 0.774406552 0.021170938
0.772588134 -0.049775917 0.632953405 -0.014925446 0.022998122 0.998461902 0.050448071 -0.003749291 -0.634490907 -0.024418835 0.772544622 0.021260029
0.780849218 -0.050669231 0.622661173 0.002158246 0.023116890 0.998366356 0.052252561 -0.005739137 -0.624291480 -0.026407387 0.780744970 0.023250327
0.780648112 -0.050310899 0.622942388 0.002212024 0.023759509 0.998423100 0.050861433 -0.004101710 -0.624518991 -0.024904078 0.780612588 0.020887589
0.770492435 -0.051070902 0.635399938 -0.013802629 0.023078777 0.998366714 0.052259162 -0.006304245 -0.637031198 -0.025601039 0.770412743 0.022508897
0.768399656 -0.050387133 0.637983561 -0.015243773 0.023199566 0.998433530 0.050913010 -0.005137176 -0.639549613 -0.024320608 0.768365026 0.019957272
0.765792251 -0.051953819 0.640985847 -0.014725044 0.024561955 0.998366952 0.051576197 -0.005440632 -0.642618775 -0.023752788 0.765817761 0.021727301
0.762985349 -0.055848498 0.643998563 -0.013544977 0.028210923 0.998188317 0.053141106 -0.006281070 -0.645799816 -0.022378096 0.763178706 0.022843167
0.759539008 -0.057485856 0.647916377 -0.013347164 0.029682053 0.998112559 0.053761061 -0.006285417 -0.649784029 -0.021602143 0.759811819 0.023115626
0.756317735 -0.058585852 0.651575863 -0.013507534 0.030107668 0.998043776 0.054790672 -0.006313496 -0.653511226 -0.021821726 0.756602049 0.022928834
0.753322244 -0.066223890 0.654308796 -0.012985736 0.035880230 0.997573972 0.059656609 -0.006192091 -0.656672120 -0.021463903 0.753870785 0.022043100
0.752737105 -0.066060185 0.654998362 -0.013059101 0.033184826 0.997495353 0.062466204 -0.006147929 -0.657484293 -0.025284622 0.753043950 0.021806624
0.752264023 -0.073648810 0.654732525 -0.012962772 0.035664801 0.996827722 0.071152434 -0.006292212 -0.657895803 -0.030174509 0.752504230 0.021913387
0.752634406 -0.079049565 0.653676152 -0.012859434 0.033995893 0.996108353 0.081317693 -0.006325526 -0.657560408 -0.038980193 0.752392709 0.022044597
0.754802585 -0.085183650 0.650397480 -0.012047987 0.035177190 0.995361686 0.089540184 -0.003223982 -0.655008137 -0.044705991 0.754298091 0.017388660
0.756665826 -0.090918444 0.647449434 -0.011592128 0.039267078 0.994815707 0.093806632 0.001532071 -0.652621567 -0.045556817 0.756313264 0.012663063
0.755751550 -0.097417757 0.647571921 -0.013856759 0.038188029 0.993746400 0.104927145 -0.002394118 -0.653744102 -0.054569352 0.754745543 0.013641702
0.754128277 -0.098505974 0.649297416 -0.016611056 0.035924628 0.993394077 0.108984679 -0.002653018 -0.655743897 -0.058862660 0.752685249 0.015319155
0.752965212 -0.101605512 0.650168896 -0.017520636 0.037262697 0.993006051 0.112028390 -0.004190632 -0.657004476 -0.060126450 0.751485229 0.018963203
0.752960265 -0.103368647 0.649896622 -0.016209822 0.038400751 0.992804825 0.113419048 -0.003665413 -0.656944633 -0.060443528 0.751512110 0.020279437
0.752906561 -0.108677141 0.649092376 -0.015620090 0.038660694 0.991871953 0.121224515 -0.003584626 -0.656990826 -0.066176392 0.750988483 0.021257034
0.754234552 -0.111640811 0.647044539 -0.013396483 0.036357347 0.991028428 0.128611311 0.000075606 -0.655597746 -0.073478267 0.751526773 0.022476980
0.753879726 -0.122473471 0.645496309 -0.013531599 0.038550436 0.989025056 0.142629683 0.000051361 -0.655880332 -0.082641482 0.750327408 0.022324653
0.754130185 -0.129283041 0.643873811 -0.013346719 0.037853435 0.987358630 0.153915748 0.000080945 -0.655632973 -0.091699667 0.749490857 0.022756163
0.755114377 -0.133938521 0.641765416 -0.013635632 0.037049618 0.986061931 0.162200987 0.000170241 -0.654545486 -0.098703124 0.749551773 0.022379801
0.756079853 -0.138866872 0.639577448 -0.013579494 0.037697699 0.984848738 0.169268638 0.000224220 -0.653392851 -0.103869997 0.749859214 0.022410071
0.755849838 -0.144519717 0.638596058 -0.014843093 0.037542861 0.983297348 0.178092346 -0.003462886 -0.653667688 -0.110636383 0.748650908 0.025692001
0.755467474 -0.149712309 0.637851834 -0.014834413 0.041148994 0.982463062 0.181860507 -0.003503651 -0.653892636 -0.111142762 0.748379469 0.025754053
0.756357193 -0.151105747 0.636467457 -0.014983671 0.041652802 0.982105851 0.183665946 -0.003450824 -0.652831495 -0.112406410 0.749116838 0.025643542
0.757381380 -0.152815253 0.634839237 -0.014848160 0.041223649 0.981480122 0.187075868 -0.003437782 -0.651670158 -0.115517408 0.749654412 0.025813974
0.758651018 -0.155122533 0.632760286 -0.014878874 0.041924402 0.980851352 0.190192282 -0.003430422 -0.650147021 -0.117761493 0.750627339 0.025757572
0.759842157 -0.157550663 0.630727828 -0.014707405 0.042931087 0.980232656 0.193134665 -0.003432384 -0.648688495 -0.119674057 0.751585901 0.025959888
0.761285245 -0.158822089 0.628665566 -0.014568098 0.041855939 0.979553282 0.196782544 -0.003468595 -0.647064984 -0.123494238 0.752367079 0.026128214
0.763565898 -0.158582628 0.625954151 -0.014866482 0.040667120 0.979260206 0.198483557 -0.003425422 -0.644448102 -0.126099527 0.754178703 0.025753357
0.765760005 -0.160326928 0.622821689 -0.014100319 0.041151736 0.978658557 0.201330483 -0.003455892 -0.641808510 -0.128540650 0.756015420 0.027072780
0.767006516 -0.160877451 0.621143639 -0.014005983 0.041092016 0.978386104 0.202662379 -0.003394673 -0.640322089 -0.129919350 0.757039428 0.027288564
0.768252850 -0.159404784 0.619982004 -0.014050086 0.039088886 0.978374422 0.203114599 -0.003522485 -0.638952076 -0.131808966 0.757869840 0.028570548
0.770576179 -0.160317346 0.616855621 -0.013984078 0.040481459 0.978204250 0.203660399 -0.003544003 -0.636061132 -0.131964639 0.760270655 0.028592959
0.772424459 -0.163703144 0.613646328 -0.014020741 0.044054821 0.977693021 0.205366507 -0.003571028 -0.633577049 -0.131596044 0.762405872 0.028554505
0.774139941 -0.163893715 0.611429691 -0.014108313 0.043851674 0.977465868 0.206488475 -0.003524624 -0.631493866 -0.133038774 0.763882339 0.028492521
0.775559425 -0.167280972 0.608707488 -0.014093023 0.045995340 0.976662457 0.209796906 -0.003590530 -0.629596829 -0.134712264 0.765153885 0.028600067
0.776901424 -0.167627186 0.606898248 -0.013857313 0.045060568 0.976239502 0.211957529 -0.003563792 -0.628007889 -0.137322947 0.765995085 0.028784815
0.777887285 -0.169507176 0.605110645 -0.013853024 0.044916235 0.975467503 0.215512604 -0.003568939 -0.626796782 -0.140465230 0.766417265 0.028813753
0.775265336 -0.167288750 0.609079719 -0.017661752 0.042566981 0.975934803 0.213867277 0.001924279 -0.630199552 -0.139877260 0.763729572 0.041691560
0.777649641 -0.167547062 0.605961323 -0.017570883 0.042145461 0.975559950 0.215653688 0.001929506 -0.627283692 -0.142164528 0.765705228 0.041751519
0.778029799 -0.170580909 0.604625404 -0.018504962 0.044514418 0.974980652 0.217787027 0.004469625 -0.626648426 -0.142530218 0.766157210 0.044839069
0.781112731 -0.170618683 0.600626588 -0.017570194 0.047085002 0.975297987 0.215816870 0.011001609 -0.622612298 -0.140296772 0.769851148 0.043443501
0.783678472 -0.175018162 0.596000493 -0.016282719 0.046342865 0.973285377 0.224873453 0.001657315 -0.619435549 -0.148608118 0.770853698 0.045372304
0.785301149 -0.175223857 0.593800068 -0.015699698 0.044642672 0.972642779 0.227976173 -0.001444985 -0.617502332 -0.152521133 0.771640122 0.046831433
0.786976099 -0.175097302 0.591615975 -0.016224839 0.046421252 0.972970784 0.226214528 0.001812635 -0.615234613 -0.150561884 0.773833036 0.044740245
0.788085401 -0.174019650 0.590456069 -0.017307390 0.045148581 0.972965837 0.226493105 0.002838446 -0.613907814 -0.151837692 0.774637043 0.045738246
0.790781319 -0.174866512 0.586588860 -0.015145555 0.046468839 0.972709179 0.227327108 0.002243387 -0.610332191 -0.152507946 0.777326167 0.040779769
0.790325463 -0.174532562 0.587302208 -0.016720738 0.046081319 0.972785830 0.227078199 0.002371119 -0.610951602 -0.152402073 0.776860118 0.041697875
0.792111635 -0.173739776 0.585126936 -0.014113107 0.044890445 0.972619593 0.228026479 0.000748496 -0.608723164 -0.154355854 0.778222561 0.040759780
0.792048752 -0.173646793 0.585239708 -0.014819761 0.045227818 0.972747445 0.227414221 0.001509921 -0.608779907 -0.153654039 0.778317034 0.040374134
0.792007387 -0.173988104 0.585194170 -0.014689794 0.045775637 0.972756803 0.227263793 0.001573893 -0.608792782 -0.153207019 0.778395116 0.040562257
0.793101668 -0.173948273 0.583722055 -0.013441088 0.046447732 0.972834468 0.226794720 0.002141072 -0.607315481 -0.152758747 0.779636264 0.039937615
0.793099642 -0.173880368 0.583745182 -0.013670324 0.046447664 0.972861052 0.226680696 0.002074959 -0.607318282 -0.152666777 0.779652178 0.039559711
0.792880297 -0.174190909 0.583950460 -0.014437545 0.046787545 0.972847283 0.226670220 0.001861038 -0.607578337 -0.152400777 0.779501498 0.038277499
0.793066382 -0.173221737 0.583986044 -0.014159253 0.045851003 0.972969830 0.226335198 0.001962295 -0.607406974 -0.152722523 0.779572070 0.038732007
0.791611612 -0.175436586 0.585297346 -0.016090158 0.047081895 0.972560406 0.227836534 0.000362808 -0.609207928 -0.152801156 0.778150082 0.039398912
0.791653395 -0.176094964 0.585043013 -0.015988206 0.047264308 0.972345352 0.228715077 -0.000520677 -0.609139502 -0.153411418 0.778083622 0.039344050
0.791340828 -0.175683558 0.585589349 -0.016062481 0.046679497 0.972389519 0.228647307 -0.000629753 -0.609590650 -0.153602928 0.777692437 0.040405899
0.792398632 -0.176784933 0.583824754 -0.013212004 0.049212728 0.972491384 0.227680773 0.000818862 -0.608015299 -0.151682317 0.779300988 0.038217973
0.791746616 -0.176425338 0.584817410 -0.012960555 0.047965366 0.972383380 0.228407413 -0.000403446 -0.608963668 -0.152789772 0.778343558 0.040587161
0.788595438 -0.178944588 0.588299572 -0.016584720 0.050652571 0.972372890 0.227871150 0.001422952 -0.612822711 -0.149899259 0.775872707 0.043776445
0.788043201 -0.181445390 0.588273585 -0.014071407 0.053708263 0.972198546 0.227915242 0.002306278 -0.613272786 -0.148011908 0.775879443 0.046494525
0.786993921 -0.182184488 0.589448571 -0.012836527 0.054177050 0.972123027 0.228126332 0.002561005 -0.614577532 -0.147599474 0.774924994 0.049084116
0.785704434 -0.181459770 0.591389060 -0.010751931 0.052775204 0.972186089 0.228186414 0.003133964 -0.616346836 -0.148076385 0.773427308 0.051979370
0.783486724 -0.181742743 0.594237506 -0.010809811 0.052209914 0.972146332 0.228485689 0.003104490 -0.619211257 -0.147990435 0.771152377 0.051866993
0.781718433 -0.179500818 0.597240269 -0.010210700 0.049122799 0.972428799 0.227967799 0.003241256 -0.621694028 -0.148868471 0.768982887 0.052690938
0.779976070 -0.182306156 0.598666906 -0.010710211 0.051320352 0.972039163 0.229142547 0.003121197 -0.623701692 -0.148001879 0.767523050 0.052040987
0.777285278 -0.182876647 0.601983130 -0.013494123 0.050500870 0.971870482 0.230037749 0.001593593 -0.627118230 -0.148404256 0.764656067 0.048664477
0.775533676 -0.182980120 0.604206741 -0.008655211 0.049984116 0.971866727 0.230166152 0.003002215 -0.629324377 -0.148300856 0.762861550 0.055461265
0.774103045 -0.183444083 0.605898261 -0.004244549 0.049221721 0.971638680 0.231290847 0.004238583 -0.631143153 -0.149219617 0.761178017 0.061441332
0.774151742 -0.188705340 0.604218245 -0.000489645 0.051362820 0.970109344 0.237169683 0.006334044 -0.630912840 -0.152570948 0.760704160 0.068549417
0.773694575 -0.186943471 0.605350435 -0.000436272 0.048435826 0.970132828 0.237689555 0.006304073 -0.631704748 -0.154578447 0.759641051 0.068842039
0.772371113 -0.188219503 0.606643617 -0.000839490 0.049352247 0.969982147 0.238115534 0.006220871 -0.633251429 -0.153974339 0.758475065 0.068358205
0.770837426 -0.186454445 0.609134316 -0.001741113 0.046892531 0.970220447 0.237641200 0.005977212 -0.635303676 -0.154618904 0.756625533 0.067131773
0.769915700 -0.188946396 0.609531939 -0.000406984 0.049458858 0.969955921 0.238200054 0.006396468 -0.636226058 -0.153247222 0.756129384 0.068760678
0.769738436 -0.186951369 0.610370457 -0.000660554 0.047015198 0.970160663 0.237861171 0.006278301 -0.636625767 -0.154394194 0.755559325 0.068585709
0.769003332 -0.190546021 0.610185564 -0.000474088 0.051206909 0.969835520 0.238320962 0.006379242 -0.637190640 -0.152023867 0.755563855 0.068580195
0.768293679 -0.192832261 0.610361278 -0.001030181 0.053244542 0.969491780 0.239271179 0.005838047 -0.637879312 -0.151332095 0.755121529 0.067295335
0.767533660 -0.193690896 0.611045003 -0.000592131 0.053282499 0.969234526 0.240302742 0.006084564 -0.638790250 -0.151882470 0.754240394 0.068849549
0.793260992 -0.184303746 0.580318093 0.040559795 0.054023154 0.970633686 0.234417960 0.014757274 -0.606480420 -0.154604033 0.779922485 0.053314660
0.793921351 -0.184902564 0.579223692 0.042728882 0.053971097 0.970308959 0.235770434 0.015246088 -0.605620563 -0.155921802 0.780328333 0.055128917
0.793769956 -0.187190428 0.578695893 0.043731414 0.055339120 0.969742298 0.237775937 0.015646918 -0.605695367 -0.156714886 0.780111313 0.057110753
0.793900907 -0.188113719 0.578216851 0.044689719 0.056757610 0.969715118 0.237552419 0.017633714 -0.605392516 -0.155774847 0.780534565 0.059237808
0.792800307 -0.188249528 0.579680920 0.042790357 0.055556096 0.969466031 0.238849714 0.016155064 -0.606944382 -0.157155305 0.779051244 0.060445249
0.793705881 -0.188554958 0.578340709 0.044156946 0.056604743 0.969514847 0.238404989 0.017106587 -0.605662346 -0.156486660 0.780182660 0.060476962
0.794043243 -0.188100114 0.578025639 0.044576161 0.056386523 0.969609857 0.238069743 0.017340802 -0.605240345 -0.156444833 0.780518532 0.061284974
0.794487357 -0.187630162 0.577567995 0.046134993 0.056248583 0.969720423 0.237651736 0.018357975 -0.604670167 -0.156323910 0.780984581 0.064503662
0.793241441 -0.190124556 0.578464031 0.046903636 0.057257216 0.969084382 0.239994049 0.018110290 -0.606209278 -0.157251999 0.779603839 0.072811410
0.793278635 -0.190617234 0.578250766 0.047684934 0.056668483 0.968721688 0.241592646 0.018331822 -0.606215775 -0.158881694 0.779268205 0.074818462
0.794369757 -0.190935075 0.576645911 0.050659761 0.057186257 0.968604624 0.241939753 0.020281941 -0.604736626 -0.159213394 0.780349016 0.079870492
0.793789446 -0.189174101 0.578023672 0.050390419 0.054766312 0.968767762 0.241846263 0.022380382 -0.605721831 -0.160318807 0.779358029 0.084216975
0.797765613 -0.191730037 0.571672559 0.056615047 0.059115574 0.968400955 0.242291033 0.023023544 -0.600062668 -0.159496754 0.783891261 0.077748425
0.797808468 -0.193824828 0.570905805 0.058025859 0.061032444 0.968015015 0.243355542 0.022696633 -0.599813819 -0.159307390 0.784120142 0.079182379
0.797248721 -0.196344972 0.570826650 0.060464296 0.063627340 0.967689037 0.243986607 0.023527520 -0.600288212 -0.158197835 0.783981800 0.081658073
0.797492504 -0.195277214 0.570852578 0.061685096 0.062772945 0.967892170 0.243401438 0.024966771 -0.600054502 -0.158276707 0.784144819 0.082959458
0.796187341 -0.197200686 0.572011828 0.061480641 0.063556522 0.967423975 0.245053947 0.024612237 -0.601702809 -0.158753783 0.782784164 0.085760169
0.796490550 -0.198481768 0.571146011 0.063070409 0.062978543 0.966682613 0.248109937 0.024640385 -0.601362169 -0.161647290 0.782453597 0.087007992
0.796424329 -0.204011872 0.569286764 0.064634323 0.066939801 0.965332866 0.252292603 0.025395006 -0.601021886 -0.162824020 0.782471001 0.088553056
0.797262967 -0.204587743 0.567904592 0.065725677 0.065487228 0.964574635 0.255552769 0.026879489 -0.600069284 -0.166552290 0.782417536 0.090142362
0.797650635 -0.208025217 0.566108584 0.068644792 0.068158790 0.963712454 0.258094579 0.028585374 -0.599256098 -0.167284042 0.782884359 0.094507299
0.798670113 -0.211130679 0.563515663 0.069212623 0.069844939 0.962625980 0.261672944 0.028894249 -0.597702086 -0.169631660 0.783566952 0.095016986
0.798361003 -0.216330871 0.561979353 0.070132568 0.074385755 0.961523771 0.264459223 0.029307785 -0.597567141 -0.169330642 0.783735037 0.096867777
0.798994660 -0.217164919 0.560755730 0.070465095 0.075115316 0.961252511 0.265237868 0.029832542 -0.596628249 -0.169802278 0.784348071 0.097493507
0.800300896 -0.215793639 0.559420824 0.072788432 0.075590447 0.961859167 0.262893349 0.032923896 -0.594814777 -0.168106914 0.786088645 0.098338798
0.799953282 -0.218157783 0.559000909 0.071656905 0.076987229 0.961185455 0.264943987 0.031425681 -0.595103145 -0.168906868 0.785698771 0.098481759
0.799467862 -0.219998121 0.558973968 0.071041085 0.077907570 0.960637629 0.266656250 0.030086439 -0.595635295 -0.169634804 0.785138488 0.098665647
0.800021231 -0.219955310 0.558198631 0.070877433 0.078305289 0.960696220 0.266328782 0.030227471 -0.594839692 -0.169358790 0.785801113 0.098221473
0.799806178 -0.220575139 0.558262229 0.070528284 0.078827195 0.960577965 0.266600758 0.029947940 -0.595060050 -0.169222683 0.785663545 0.098307706
0.800047517 -0.220145315 0.558086097 0.070770875 0.078554608 0.960672915 0.266339272 0.030260792 -0.594771445 -0.169243872 0.785877347 0.098723337
0.800337374 -0.219963774 0.557742000 0.070790656 0.078003526 0.960562825 0.266897470 0.029973444 -0.594454110 -0.170102149 0.785932302 0.098600611
0.800552666 -0.220315993 0.557293773 0.070360288 0.078353405 0.960464776 0.267147720 0.029767681 -0.594118059 -0.170199946 0.786165178 0.098169833
0.801351905 -0.218067810 0.557029307 0.069815189 0.076914817 0.961018026 0.265571773 0.030743556 -0.593227983 -0.169972658 0.786886215 0.097170174
0.801808774 -0.216540337 0.556967735 0.069773085 0.075720422 0.961340249 0.264747232 0.031321306 -0.592764020 -0.170102805 0.787207663 0.097579397
0.802146912 -0.218699545 0.555635571 0.070081837 0.077245168 0.960701466 0.266619086 0.029620465 -0.592109442 -0.170947522 0.787517250 0.096812651
0.802872598 -0.218555510 0.554643154 0.069372654 0.077297270 0.960684776 0.266663581 0.029151257 -0.591118157 -0.171224520 0.788201392 0.095689557
0.802373171 -0.220397517 0.554637015 0.068575360 0.078324273 0.960164428 0.268234104 0.027645398 -0.591660917 -0.171782300 0.787672639 0.095346868
0.803377688 -0.217507288 0.554323733 0.068650216 0.076114513 0.960774958 0.266679585 0.028777882 -0.590585053 -0.172052339 0.788420677 0.094618440
0.803654432 -0.216765612 0.554213226 0.069146551 0.075619251 0.960948348 0.266195059 0.029096862 -0.590272188 -0.172019660 0.788662016 0.095362023
0.803831697 -0.216469526 0.554071844 0.069192342 0.075543597 0.961043656 0.265872240 0.029247006 -0.590040684 -0.171859935 0.788870156 0.095315047
0.804104149 -0.216374382 0.553713500 0.068833970 0.075311273 0.960983336 0.266155869 0.028927958 -0.589698911 -0.172316164 0.789026141 0.094745368
0.804394782 -0.216184318 0.553365409 0.069136322 0.075200297 0.961001515 0.266122043 0.028942009 -0.589316308 -0.172453955 0.789281785 0.095112309
0.804972172 -0.215897247 0.552637517 0.068748876 0.075209342 0.961060762 0.265904903 0.028751416 -0.588526487 -0.172482535 0.789864779 0.093958087
0.805466473 -0.216784954 0.551568687 0.067816302 0.076693676 0.960998297 0.265707165 0.028090464 -0.587657869 -0.171716422 0.790677845 0.091838345
0.805360258 -0.216873616 0.551688969 0.067083605 0.076673716 0.960964620 0.265834421 0.027556699 -0.587806165 -0.171792418 0.790551245 0.090308331
0.805283189 -0.216483265 0.551954687 0.065648161 0.076355338 0.961070538 0.265543491 0.026830686 -0.587953150 -0.171693042 0.790463507 0.087744176
0.805803597 -0.215900913 0.551423073 0.064067960 0.075952552 0.961159647 0.265336066 0.025893334 -0.587291956 -0.171926752 0.790904164 0.084824368
0.806082487 -0.215292200 0.551253438 0.062891386 0.075586848 0.961306036 0.264909744 0.025112126 -0.586956322 -0.171871647 0.791165173 0.082171857
0.806179404 -0.215064019 0.551200747 0.061523438 0.075660966 0.961423695 0.264461458 0.024355605 -0.586813569 -0.171499014 0.791351855 0.079750083
0.805526257 -0.217420042 0.551231325 0.060083963 0.080112979 0.961672008 0.262237817 0.023260092 -0.587119520 -0.167078659 0.792070270 0.076405771
0.805446684 -0.211639360 0.553592324 0.056766845 0.076183587 0.963290393 0.257424742 0.023525907 -0.587751448 -0.165167242 0.792002499 0.073495857
0.807407618 -0.207265645 0.552389324 0.056513801 0.074854687 0.964683175 0.252552807 0.024912568 -0.585226238 -0.162564114 0.794407368 0.069499269
0.806987226 -0.207213864 0.553022563 0.053836171 0.074544281 0.964674056 0.252679616 0.021638742 -0.585845411 -0.162684590 0.793926239 0.066852622
0.779171824 -0.220242321 0.586842835 0.004646033 0.073861055 0.961974800 0.262961566 0.007339798 -0.622443438 -0.161547422 0.765811086 0.070205480
0.780237079 -0.218987480 0.585896254 0.004069518 0.075210258 0.962759316 0.259688199 0.007399791 -0.620945573 -0.158552974 0.767650604 0.066741839
0.780155838 -0.217604235 0.586519539 0.002026116 0.075885177 0.963548124 0.256547064 0.006530394 -0.620965660 -0.155638576 0.768230677 0.063905180
0.780623615 -0.215640128 0.586622596 0.000235908 0.076442651 0.964488983 0.252819359 0.005775569 -0.620308995 -0.152513802 0.769386947 0.060330488
0.780199409 -0.213639498 0.587917447 -0.002887910 0.076266490 0.965345979 0.249580830 0.005043249 -0.620864153 -0.149884433 0.769455969 0.057293169
0.779917061 -0.215309069 0.587682903 -0.005152347 0.080239959 0.965614617 0.247284785 0.003419274 -0.620717943 -0.145705998 0.770375848 0.053457998
0.780963302 -0.214126587 0.586724818 -0.005500188 0.081421807 0.966282785 0.244270205 0.003701552 -0.619246900 -0.142993897 0.772066116 0.050753109
0.780653417 -0.216442615 0.586287439 -0.007014750 0.084269367 0.966001511 0.244417146 0.001954760 -0.619256914 -0.141398996 0.772351801 0.048251309
0.780676723 -0.215501696 0.586602807 -0.008315485 0.084084719 0.966348350 0.243106067 0.002297586 -0.619252563 -0.140462920 0.772526085 0.046671517
