0
0.543718874 -0.395714492 0.740121484 0.852789700 0.243363440 0.918315113 0.312204540 0.234898940 -0.803208530 0.010367014 0.595607638 0.204709142
3
0.712520778 -0.283042341 0.642029047 0.602534711 0.140905678 0.954106390 0.264247060 0.152312964 -0.687357068 -0.097815961 0.719702899 0.436314583
6
0.492767453 -0.397931218 0.773841739 0.911445200 0.149810284 0.914826274 0.375033110 0.253285080 -0.857168078 -0.068874680 0.510410786 -0.007397979
