0.999996901 0.002258872 0.001044760 -0.009783939 -0.002304726 0.998929858 0.046196539 -0.006743926 -0.000939290 -0.046198808 0.998931825 0.052274678
0.999978781 -0.001104527 0.006419394 -0.009661693 0.000804524 0.998915613 0.046549968 -0.006415347 -0.006463848 -0.046543814 0.998895288 0.054835502
0.999766111 -0.004739088 0.021100186 -0.014858816 0.003864071 0.999138534 0.041318953 -0.002704612 -0.021277823 -0.041227758 0.998923182 0.083743684
0.999297798 -0.009955541 0.036121275 -0.010836130 0.008714886 0.999372125 0.034343291 0.000862838 -0.036440495 -0.034004379 0.998757243 0.091251701
0.998180807 -0.010428744 0.059383150 -0.014132372 0.008282566 0.999307573 0.036273342 -0.002320503 -0.059720315 -0.035715517 0.997575998 0.091587223
0.997277737 -0.014648491 0.072267376 -0.009618731 0.012329957 0.999398053 0.032425169 0.000743402 -0.072698861 -0.031445842 0.996858060 0.094788983
0.995731294 -0.015609808 0.090969965 -0.009336893 0.012993542 0.999486744 0.029281335 0.003872396 -0.091380350 -0.027974319 0.995423079 0.098782822
0.994152367 -0.019424910 0.106225170 -0.008078289 0.016220333 0.999389350 0.030949028 0.002876642 -0.106761493 -0.029045040 0.993860424 0.099123389
0.992257118 -0.025129648 0.121631823 -0.007093978 0.021433193 0.999270558 0.031604208 0.003149594 -0.122337326 -0.028752539 0.992071986 0.103104748
0.989785373 -0.029130301 0.139557287 -0.004271156 0.025350427 0.999264061 0.028786575 0.006550658 -0.140293151 -0.024954693 0.989795446 0.105740890
0.987195849 -0.030848054 0.156501129 -0.003736090 0.026012765 0.999121606 0.032851286 0.003964236 -0.157377064 -0.028359625 0.987131298 0.104744315
0.984521687 -0.031811479 0.172351435 -0.002669383 0.026731614 0.999139309 0.031715713 0.006201089 -0.173212007 -0.026617575 0.984524786 0.105727531
0.982146978 -0.031853013 0.185398743 -0.002527550 0.025546186 0.999014020 0.036308218 0.003556218 -0.186372474 -0.030923776 0.981992424 0.103928372
0.981052458 -0.033150528 0.190885708 -0.003116757 0.025774449 0.998826742 0.040996008 0.000786531 -0.192020819 -0.035299253 0.980755746 0.101797894
0.980694234 -0.033670180 0.192626923 -0.003071515 0.025691804 0.998711288 0.043768466 0.000349685 -0.193852350 -0.037974540 0.980295479 0.102161929
0.980615020 -0.035485491 0.192704275 -0.002252411 0.026524343 0.998452127 0.048885267 -0.000111559 -0.194140702 -0.042826273 0.980038404 0.101018980
0.980672836 -0.038960598 0.191736415 -0.000764310 0.029845489 0.998293042 0.050201390 0.000721864 -0.193364993 -0.043508664 0.980161667 0.101196721
0.980717361 -0.040348649 0.191221133 0.000285683 0.030672029 0.998107553 0.053297982 0.000185790 -0.193009734 -0.046405122 0.980098903 0.101218723
0.980570257 -0.038696557 0.192313805 -0.000142733 0.028644664 0.998087645 0.054777399 0.001277400 -0.194065735 -0.048204329 0.979803443 0.102111213
0.980646670 -0.039604139 0.191738561 0.000342140 0.029142600 0.997944295 0.057078399 0.001081182 -0.193604946 -0.050385978 0.979784846 0.101751886
0.980451941 -0.040144555 0.192620412 0.000257276 0.029390039 0.997862279 0.058369856 0.001936023 -0.194551915 -0.051567711 0.979535758 0.101004250
0.980462015 -0.039575502 0.192685738 0.000024373 0.028640656 0.997834623 0.059208974 0.002588054 -0.194611758 -0.052533515 0.979472578 0.100994736
0.980655789 -0.038933214 0.191828936 0.000078712 0.027657636 0.997747660 0.061111238 0.002141361 -0.193776160 -0.054623567 0.979523897 0.100165129
0.980702579 -0.039137539 0.191547915 0.000007326 0.027347868 0.997587144 0.063811660 0.001376548 -0.193583131 -0.057341818 0.979406834 0.098758906
0.980771482 -0.039609108 0.191097677 -0.000061929 0.027436284 0.997446835 0.065930955 0.000699789 -0.193221241 -0.059420191 0.979354262 0.097994432
0.981081069 -0.038702201 0.189689308 -0.000024671 0.026478183 0.997431219 0.066558994 0.000906590 -0.191778004 -0.060277149 0.979585588 0.097276270
0.981924057 -0.035862494 0.185847268 -0.002068724 0.022908105 0.997185409 0.071389459 -0.003011113 -0.187884405 -0.065841608 0.979981780 0.090068601
0.984268785 -0.043940604 0.171125889 -0.002201851 0.030590178 0.996334493 0.079886086 -0.009001243 -0.174008876 -0.073394619 0.982005119 0.075677700
0.987519860 -0.037719596 0.152911142 -0.002628007 0.025921574 0.996582687 0.078428745 -0.008239232 -0.155346885 -0.073486254 0.985123038 0.081202075
0.990398943 -0.035616808 0.133571267 -0.002533930 0.025244093 0.996589541 0.078561939 -0.008146978 -0.135913879 -0.074435785 0.987920403 0.081242934
0.993043542 -0.035675693 0.112212941 -0.001840852 0.026811479 0.996471405 0.079534926 -0.008665081 -0.114654437 -0.075973041 0.990496039 0.081010714
0.995166898 -0.032114133 0.092798248 -0.002212389 0.024792118 0.996565819 0.079005376 -0.007583522 -0.095016763 -0.076322854 0.992545426 0.082999252
0.996984005 -0.033452671 0.070027098 -0.001255671 0.027738679 0.996325135 0.081036016 -0.008706272 -0.072480634 -0.078849152 0.994248092 0.076014318
0.998256862 -0.031223761 0.050082773 -0.001102502 0.027189905 0.996480286 0.079295747 -0.006660951 -0.052382406 -0.077795789 0.995592177 0.079677112
0.998991132 -0.030819301 0.032663550 -0.000748582 0.028085260 0.996310949 0.081089944 -0.007928476 -0.035042185 -0.080090769 0.996171355 0.080331162
0.999459386 -0.029135870 0.015238326 -0.000650980 0.027820211 0.996374786 0.080394819 -0.007393453 -0.017525459 -0.079927407 0.996646702 0.081326306
0.999671757 -0.025607722 0.000742923 -0.001230141 0.025468482 0.996533692 0.079195395 -0.006133454 -0.002768362 -0.079150483 0.996858776 0.083800815
0.999542117 -0.028028408 -0.011398085 -0.000159584 0.028793383 0.996867657 0.073660336 -0.005024612 0.009297800 -0.073954798 0.997218251 0.087960511
0.999563575 -0.025057567 -0.015643278 -0.000931036 0.026055032 0.997398973 0.067202739 -0.003862631 0.013918651 -0.067580983 0.997616708 0.091032699
0.999647975 -0.020315660 -0.017065035 -0.001743101 0.021327361 0.997887850 0.061359260 -0.003392242 0.015782438 -0.061701611 0.997969866 0.091270223
0.999629855 -0.019560486 -0.018910564 -0.001613345 0.020589584 0.998226941 0.055850234 -0.003779215 0.017784575 -0.056218926 0.998260140 0.090229511
0.999521017 -0.019860676 -0.023732487 -0.000978027 0.021080108 0.998409450 0.052287880 -0.005350881 0.022656269 -0.052763116 0.998350024 0.088929147
0.999449134 -0.016307384 -0.028905822 -0.001657385 0.017677523 0.998700559 0.047796171 -0.005181749 0.028088836 -0.048280824 0.998438835 0.088904411
0.999342144 -0.014905189 -0.033060588 -0.001354379 0.016243303 0.999044120 0.040582266 -0.004009604 0.032424100 -0.041092586 0.998629212 0.091190681
0.999158800 -0.016630869 -0.037484419 -0.000641662 0.017846342 0.999317944 0.032328311 -0.005053055 0.036921207 -0.032970082 0.998774111 0.089308128
0.998951256 -0.014431634 -0.043452624 -0.000385073 0.015370511 0.999653816 0.021350900 -0.004664147 0.043129463 -0.021996398 0.998827279 0.089422613
0.998773515 -0.011780878 -0.048092518 -0.000782946 0.012417324 0.999838889 0.012956516 -0.005410634 0.047932144 -0.013537804 0.998758793 0.089071132
0.998528779 -0.008714119 -0.053518865 -0.001350869 0.009009604 0.999945462 0.005282354 -0.005491137 0.053469911 -0.005756767 0.998552859 0.088585831
0.998087883 -0.009576606 -0.061066855 -0.000889929 0.009525315 0.999954104 -0.001130942 -0.006831587 0.061074890 0.000547099 0.998133063 0.087584503
0.997675478 -0.006545987 -0.067829765 -0.001974510 0.005942338 0.999940932 -0.009097447 -0.006126939 0.067885309 0.008673232 0.997655392 0.088535577
0.997201562 -0.006631857 -0.074464723 -0.001888672 0.005449239 0.999855876 -0.016073540 -0.006218768 0.074560590 0.015622783 0.997094095 0.089538515
0.996916294 -0.006117147 -0.078233548 -0.002577431 0.004276212 0.999710560 -0.023677193 -0.006435796 0.078355737 0.023269635 0.996653914 0.089628004
0.996675372 -0.003692751 -0.081391253 -0.003076849 0.001128981 0.999502420 -0.031522863 -0.005645568 0.081467159 0.031326178 0.996183515 0.089561604
0.996490419 -0.004869488 -0.083564609 -0.003094296 0.001829994 0.999335229 -0.036411095 -0.006852576 0.083686367 0.036130391 0.995836914 0.088325627
0.996322513 -0.001873307 -0.085661404 -0.003817622 -0.001657786 0.999152482 -0.041131817 -0.006911639 0.085665837 0.041122563 0.995474935 0.088733084
0.996060848 -0.000385230 -0.088671044 -0.004252583 -0.003509892 0.999035656 -0.043767657 -0.007466464 0.088602386 0.043906476 0.995099008 0.087897211
0.995702505 0.000296883 -0.092609070 -0.003941679 -0.004878855 0.998774350 -0.049254023 -0.007355204 0.092480950 0.049494185 0.994483531 0.085223347
0.995157123 0.004653794 -0.098187670 -0.004762290 -0.010062631 0.998454154 -0.054663680 -0.007910684 0.097781479 0.055386972 0.993665457 0.084706701
0.994593918 0.009313572 -0.103422269 -0.005618701 -0.015510865 0.998120844 -0.059280682 -0.008212067 0.102675796 0.060564376 0.992869318 0.086579204
0.994051516 0.011490141 -0.108302765 -0.005959246 -0.018296253 0.997904658 -0.062060807 -0.008980448 0.107362725 0.063673161 0.992178917 0.084817730
0.993685484 0.013713971 -0.111359693 -0.006422505 -0.021044433 0.997668445 -0.064920731 -0.008307042 0.110209726 0.066854306 0.991657376 0.087368190
0.993182361 0.016586080 -0.115384988 -0.006903586 -0.024232833 0.997578740 -0.065187857 -0.009455821 0.114024408 0.067539535 0.991179466 0.085980922
0.992749989 0.018292304 -0.118797496 -0.007346338 -0.026405198 0.997398078 -0.067080982 -0.009427873 0.117261343 0.069731504 0.990649939 0.085682750
0.992106378 0.017268486 -0.124204494 -0.006380260 -0.026102234 0.997215807 -0.069850780 -0.009461596 0.122652479 0.072541416 0.989794970 0.084914632
0.991436899 0.016841572 -0.129496232 -0.006434467 -0.026615361 0.996894062 -0.074119404 -0.008693952 0.127845749 0.076931290 0.988805890 0.083542541
0.990722954 0.016265016 -0.134920239 -0.006453986 -0.026836598 0.996676743 -0.076909646 -0.009454260 0.133220926 0.079816967 0.987867057 0.085445054
0.990007699 0.013890015 -0.140327841 -0.006027771 -0.025311533 0.996478379 -0.079937890 -0.010175420 0.138723329 0.082691029 0.986872911 0.083523095
0.989056647 0.013224103 -0.146942317 -0.006069085 -0.025698952 0.996190965 -0.083325103 -0.010905249 0.145280734 0.086189508 0.985629141 0.082349122
0.987423778 0.012260967 -0.157619804 -0.005636837 -0.025997540 0.996008694 -0.085386224 -0.011898561 0.155943796 0.088410117 0.983801544 0.079710498
0.985570550 0.013862914 -0.168696657 -0.006043285 -0.028767169 0.995859861 -0.086229078 -0.011575317 0.166802838 0.089837752 0.981888950 0.083105400
0.984427273 0.018919535 -0.174771354 -0.008009423 -0.034589127 0.995603085 -0.087051630 -0.010012925 0.172355935 0.091741182 0.980753303 0.085801929
0.984046400 0.020226203 -0.176758111 -0.008226532 -0.036008351 0.995597482 -0.086540475 -0.010126917 0.174229532 0.091524623 0.980442405 0.084489718
0.983558416 0.020928582 -0.179373339 -0.008400640 -0.036746703 0.995675564 -0.085321784 -0.010650459 0.176811993 0.090510339 0.980074167 0.084504433
0.983364582 0.022853779 -0.180199310 -0.008543339 -0.038747188 0.995612025 -0.085178547 -0.009448818 0.177461907 0.090743780 0.979935110 0.081520572
0.983158052 0.021121755 -0.181533292 -0.008474171 -0.037086386 0.995690167 -0.085003942 -0.009291940 0.178955510 0.090304717 0.979703963 0.080759086
0.982983828 0.021368198 -0.182444736 -0.007960191 -0.037311673 0.995732486 -0.084407821 -0.009381800 0.179862499 0.089778870 0.979586184 0.080774292
0.982970059 0.022651101 -0.182364404 -0.008430307 -0.038361747 0.995803475 -0.083088644 -0.009397293 0.179717034 0.088669457 0.979713976 0.081719086
0.982676208 0.023246091 -0.183866933 -0.007986927 -0.039111201 0.995770454 -0.083135538 -0.009079000 0.181156680 0.088886574 0.979429126 0.082885154
0.982343018 0.025570508 -0.185332939 -0.008386936 -0.041402515 0.995766580 -0.082064219 -0.009159030 0.182449967 0.088288479 0.979243100 0.082204424
0.981933832 0.025106292 -0.187551469 -0.007878009 -0.040821377 0.995926142 -0.080403954 -0.009390540 0.184768721 0.086607471 0.978958488 0.076807439
0.981501877 0.024685299 -0.189854369 -0.007953751 -0.040578440 0.995945692 -0.080285743 -0.009192763 0.187102795 0.086504616 0.978524208 0.078083962
0.978933394 0.026879236 -0.202402920 -0.008078479 -0.044020362 0.995768428 -0.080668323 -0.009219039 0.199378133 0.087878756 0.975974202 0.081701033
0.977598011 0.028610829 -0.208526865 -0.008860845 -0.045951113 0.995831490 -0.078791507 -0.010223297 0.205403343 0.086608469 0.974837661 0.081652530
0.976119637 0.030935869 -0.215019569 -0.009039957 -0.048902914 0.995694280 -0.078748286 -0.009217030 0.211657614 0.087382823 0.973429680 0.080385990
0.974541366 0.033839665 -0.221638978 -0.009525121 -0.052239574 0.995608211 -0.077687539 -0.009052424 0.218036652 0.087288052 0.972029209 0.081957370
0.973348379 0.036668729 -0.226380736 -0.010355978 -0.055276405 0.995542943 -0.076410674 -0.008439134 0.222569838 0.086887710 0.971037090 0.082556717
0.972277999 0.034367897 -0.231289029 -0.009664512 -0.052841786 0.995845735 -0.074157335 -0.010043561 0.227779567 0.084323265 0.970054686 0.080376565
0.970741808 0.034990732 -0.237562895 -0.008357961 -0.053881813 0.995838761 -0.073497131 -0.008555707 0.234002665 0.084147073 0.968587577 0.076085426
0.969394386 0.037988223 -0.242552072 -0.009197562 -0.057056352 0.995765746 -0.072078235 -0.008356161 0.238786891 0.083711371 0.967457056 0.075086191
0.967917383 0.038621210 -0.248282745 -0.009790208 -0.058322258 0.995662630 -0.072487608 -0.007983770 0.244406298 0.084642433 0.965971589 0.081965707
0.966780126 0.038765699 -0.252652526 -0.008552929 -0.058517255 0.995748758 -0.071134962 -0.007489486 0.248820826 0.083556406 0.964938521 0.077379607
0.965965092 0.040951710 -0.255410165 -0.010488779 -0.060839515 0.995657861 -0.070455186 -0.008072016 0.251415908 0.083596274 0.964262247 0.082413882
0.964754224 0.038001269 -0.260394573 -0.008626455 -0.057691287 0.995989025 -0.068392567 -0.009118126 0.256751150 0.081004530 0.963077009 0.075523011
0.963486016 0.040632393 -0.264657468 -0.009448624 -0.060785361 0.995804191 -0.068405174 -0.008271939 0.260767490 0.081994742 0.961913168 0.074188292
0.962865591 0.042902730 -0.266550571 -0.008826013 -0.062965423 0.995752215 -0.067179605 -0.008063236 0.262536049 0.081468381 0.961476743 0.074439943
0.962871015 0.041658312 -0.266728193 -0.009039446 -0.061657291 0.995842993 -0.067045279 -0.007385037 0.262826473 0.081001692 0.961437047 0.073170476
0.962858498 0.039137393 -0.267155081 -0.008157116 -0.058890719 0.996058345 -0.066329621 -0.008340520 0.263506055 0.079599008 0.961368084 0.072322659
0.963222563 0.037974898 -0.266007662 -0.008241063 -0.057206325 0.996249199 -0.064922832 -0.009330356 0.262544513 0.077752434 0.961782038 0.069887392
0.963266373 0.038615759 -0.265756637 -0.007591374 -0.058112029 0.996133149 -0.065890834 -0.007359452 0.262184560 0.078914091 0.961785734 0.068999916
0.966736376 0.042443536 -0.252228737 -0.010199841 -0.061435770 0.995798647 -0.067902565 -0.005407811 0.248287007 0.081139743 0.965282321 0.077573314
0.969716370 0.040440880 -0.240862057 -0.008583067 -0.058522098 0.995940506 -0.068392359 -0.005160013 0.237118438 0.080416955 0.968146682 0.074665606
0.971631706 0.041580155 -0.232814923 -0.006691999 -0.058302853 0.996153712 -0.065411083 -0.006105887 0.229199648 0.077129275 0.970318794 0.064923108
0.972281754 0.047338024 -0.228969887 -0.006025058 -0.061775133 0.996501088 -0.056297533 -0.006074896 0.225503713 0.068881698 0.971804202 0.063517340
0.972537518 0.051835861 -0.226900324 -0.006552386 -0.064839028 0.996630728 -0.050229840 -0.005779138 0.223532110 0.063562416 0.972621799 0.061818704
0.972370207 0.058603503 -0.225968331 -0.006553011 -0.070661433 0.996455789 -0.045640457 -0.005207497 0.222492754 0.060346689 0.973064899 0.059193175
0.972951233 0.059926040 -0.223102510 -0.007181140 -0.071471885 0.996470153 -0.044034284 -0.003381748 0.219676152 0.058788765 0.973800004 0.064688489
0.974792361 0.063502997 -0.213886157 -0.006447682 -0.074494138 0.996262670 -0.043717843 -0.001125991 0.210310608 0.058549091 0.975879848 0.054734852
0.977992475 0.064289652 -0.198488027 -0.006579312 -0.074680299 0.996177793 -0.045306709 0.000730345 0.194816589 0.059132755 0.979055703 0.054155055
0.980901778 0.057349745 -0.185856476 -0.006886180 -0.066429451 0.996864378 -0.042994790 -0.002960145 0.182807967 0.054520015 0.981635809 0.050131053
0.982956469 0.051157326 -0.176577240 -0.004072721 -0.060546964 0.997000813 -0.048200611 -0.000322766 0.173581809 0.058070321 0.983105898 0.048707288
0.983733177 0.050404716 -0.172419176 -0.001074273 -0.060348615 0.996773422 -0.052922491 -0.001084285 0.169195324 0.062466875 0.983600974 0.034700587
0.984669983 0.052304458 -0.166401759 -0.000772843 -0.062343966 0.996499896 -0.055689521 -0.000650835 0.162906483 0.065209925 0.984484255 0.032445002
0.985262871 0.053987641 -0.162303388 0.000108437 -0.063918248 0.996348977 -0.056596167 -0.000238949 0.158655316 0.066136241 0.985116422 0.029679317
0.985588551 0.056406468 -0.159479663 0.000692945 -0.066384621 0.996110201 -0.057943746 0.000841409 0.155590937 0.067695700 0.985499322 0.026445094
0.985501409 0.057854589 -0.159499004 0.001371818 -0.067647956 0.996098697 -0.056666709 0.000018072 0.155598313 0.066634893 0.985570431 0.023809103
0.985377252 0.059367403 -0.159710139 0.001813209 -0.069192201 0.995992482 -0.056670938 0.000632645 0.155705646 0.066892929 0.985535979 0.023732947
0.985447049 0.056405991 -0.160351947 0.002161271 -0.066655375 0.996014178 -0.059270605 0.000585077 0.156369552 0.069096342 0.985278785 0.022194991
0.985357404 0.055527113 -0.161206618 0.003025759 -0.066779152 0.995632768 -0.065237485 0.001529541 0.156880155 0.075047486 0.984762073 0.023197694
0.985350132 0.056235235 -0.161005393 0.002517862 -0.068076730 0.995291412 -0.068997540 0.001101623 0.156367198 0.078947470 0.984538734 0.021282412
0.985186994 0.056830820 -0.161792442 0.004153045 -0.069005907 0.995111406 -0.070650540 0.001138384 0.156986386 0.080768608 0.984292448 0.019225318
0.985117853 0.058674209 -0.161555663 0.003910455 -0.071021907 0.994891405 -0.071742870 0.001421157 0.156520888 0.082149163 0.984252274 0.021133762
0.985958159 0.054217126 -0.157946214 -0.000769098 -0.066180594 0.995243132 -0.071493104 -0.003363841 0.153318733 0.080942184 0.984856188 0.022387065
0.984804213 0.063308351 -0.161717847 0.002989008 -0.076531269 0.994098425 -0.076884404 0.001248549 0.155896097 0.088092558 0.983837426 0.024081035
0.984487534 0.068908706 -0.161356091 0.001584704 -0.082289651 0.993570030 -0.077762835 0.001430672 0.154960096 0.089834504 0.983827710 0.027461035
0.984577477 0.069702365 -0.160464004 -0.000044211 -0.083389647 0.993284523 -0.080200724 0.002023605 0.153796196 0.092344888 0.983778059 0.032626998
0.984461188 0.071885780 -0.160214514 -0.001828831 -0.086316183 0.992634952 -0.085002251 0.002394161 0.152924061 0.097510532 0.983415484 0.037575588
0.984370172 0.075059585 -0.159314960 -0.004397952 -0.090153277 0.991878092 -0.089723170 0.002543219 0.151286468 0.102683574 0.983142138 0.042461220
0.984455109 0.075719751 -0.158475935 -0.007504740 -0.091168620 0.991521657 -0.092592329 0.003017681 0.150121152 0.105601035 0.983011723 0.049031209
0.982825041 0.081618547 -0.165509850 -0.008582803 -0.097868457 0.990889668 -0.092517622 0.003136552 0.156450823 0.107126839 0.981858909 0.052421898
0.982609749 0.083854698 -0.165670201 -0.011449460 -0.100162737 0.990647435 -0.092656530 0.004458477 0.156351075 0.107639171 0.981818616 0.059001986
0.982601345 0.083699040 -0.165798649 -0.013762174 -0.098585278 0.991604388 -0.083677955 0.004908588 0.157402888 0.098567382 0.982602894 0.064311601
0.982961476 0.081112757 -0.164946720 -0.015962642 -0.095130615 0.992330849 -0.078928821 0.002964974 0.157279581 0.093275458 0.983139217 0.068790115
0.982884407 0.080239698 -0.165830582 -0.016366737 -0.094114289 0.992535293 -0.077565618 0.003106280 0.158368841 0.091845058 0.983098984 0.070002839
0.983082414 0.081588678 -0.163988933 -0.018490946 -0.094905443 0.992651761 -0.075070478 0.003392381 0.156658977 0.089363895 0.983601451 0.075431600
0.983267605 0.079737388 -0.163788542 -0.018802386 -0.092660204 0.993031025 -0.072826244 0.003396996 0.156840086 0.086784355 0.983803689 0.076068744
0.983432174 0.081818767 -0.161761880 -0.019828724 -0.094254725 0.993030965 -0.070749335 0.003506719 0.154845923 0.084823988 0.984290421 0.079014726
0.985677719 0.079969615 -0.148473084 -0.021786632 -0.091442116 0.993195772 -0.072113805 0.003816941 0.141695887 0.084657669 0.986283600 0.084335409
0.987157047 0.080432378 -0.138027936 -0.022045955 -0.091068216 0.993198752 -0.072545446 0.003859400 0.131254181 0.084183708 0.987767935 0.085156314
0.987224996 0.084321275 -0.135191947 -0.023274509 -0.094517693 0.992998421 -0.070857488 0.003237970 0.128270581 0.082730293 0.988282502 0.085656635
0.987464845 0.086636357 -0.131937265 -0.025500022 -0.095866315 0.993251324 -0.065280706 0.003595183 0.125391170 0.077110738 0.989106119 0.091673590
0.986495316 0.069282420 -0.148414224 -0.011476003 -0.076002695 0.996301293 -0.040091481 -0.014091115 0.145087644 0.050829958 0.988112271 0.083008148
0.986875832 0.069261126 -0.145873711 -0.013131822 -0.074964941 0.996607482 -0.033967115 -0.013886873 0.143026218 0.044456732 0.988719940 0.088251442
0.987387419 0.066024572 -0.143898427 -0.013762374 -0.070756361 0.997100353 -0.028011765 -0.014101861 0.141631678 0.037840199 0.989196002 0.093537241
0.987973452 0.059919860 -0.142541498 -0.012389209 -0.063341193 0.997799695 -0.019583004 -0.019023333 0.141054466 0.028376235 0.989595175 0.096646793
0.988231599 0.060129870 -0.140650392 -0.013417327 -0.063176446 0.997852564 -0.017292783 -0.016519208 0.139308527 0.025975062 0.989908278 0.101177417
0.988323927 0.064056426 -0.138248682 -0.015391437 -0.065779507 0.997802615 -0.007926212 -0.016349996 0.137437180 0.016927596 0.990365863 0.109878421
0.988306642 0.064160667 -0.138323486 -0.016089926 -0.064686447 0.997905374 0.000695668 -0.016232619 0.138078392 0.008260123 0.990386903 0.115685858
0.988125741 0.061867151 -0.140640214 -0.014582913 -0.061698239 0.998079300 0.005565202 -0.016833054 0.140714392 0.003178129 0.990045130 0.121066734
0.988291323 0.061687890 -0.139551133 -0.016600905 -0.061325666 0.998093963 0.006898359 -0.016990351 0.139710709 0.001740475 0.990190744 0.130395770
0.988008857 0.061977841 -0.141411483 -0.016207656 -0.061390858 0.998077452 0.008514071 -0.017560747 0.141667351 0.000269399 0.989914238 0.133471295
0.988069832 0.062764682 -0.140636444 -0.017350238 -0.061762996 0.998024821 0.011480367 -0.019944619 0.141079247 -0.002657271 0.989994705 0.137624845
0.987654805 0.059666220 -0.144837216 -0.015166476 -0.058749586 0.998216391 0.010601514 -0.019122692 0.145211428 -0.001961505 0.989398718 0.144006833
0.987445414 0.065831274 -0.143588647 -0.016163373 -0.063940391 0.997795820 0.017748877 -0.021076266 0.144440651 -0.008344926 0.989478350 0.148467824
0.987537622 0.072897919 -0.139483079 -0.018841207 -0.068766639 0.997045875 0.034218512 -0.024272149 0.141565472 -0.024200289 0.989633024 0.152226672
0.987355530 0.077294156 -0.138401031 -0.019305492 -0.070776314 0.996166050 0.051418833 -0.024866935 0.141844779 -0.040973149 0.989040554 0.158521965
0.987347126 0.075395815 -0.139502957 -0.018793922 -0.066854142 0.995647192 0.064940549 -0.026113383 0.143792018 -0.054792516 0.988089859 0.165955141
0.987128317 0.070855595 -0.143377572 -0.017405249 -0.060830247 0.995464742 0.073142394 -0.027383529 0.147909850 -0.063479237 0.986961544 0.169779658
0.986276627 0.072586849 -0.148289353 -0.016924791 -0.061836552 0.995198786 0.075867876 -0.027417846 0.153084353 -0.065656997 0.986029625 0.175893664
0.986007273 0.073205329 -0.149768546 -0.017845668 -0.061976217 0.994999826 0.078322761 -0.028137678 0.154753298 -0.067944713 0.985614061 0.180416182
0.985927343 0.072054975 -0.150849268 -0.017307147 -0.060184710 0.994827151 0.081833437 -0.029568249 0.155965433 -0.071602985 0.985163867 0.183841050
0.985888124 0.071316719 -0.151455358 -0.017750062 -0.059019066 0.994699538 0.084199846 -0.030502666 0.156657428 -0.074072868 0.984871387 0.187372938
0.985715866 0.069468692 -0.153421700 -0.017287314 -0.056539629 0.994594753 0.087087989 -0.033404224 0.158642322 -0.077169612 0.984315813 0.192106903
0.985595703 0.074241221 -0.151951194 -0.018848190 -0.060650915 0.993891239 0.092203364 -0.037020758 0.157868266 -0.081659287 0.984078050 0.192417771
0.985364795 0.076510459 -0.152322799 -0.018593557 -0.061632916 0.993065596 0.100109681 -0.037555031 0.158925995 -0.089256480 0.983247697 0.197110459
0.985272467 0.076017618 -0.153164297 -0.018077597 -0.060353052 0.992696941 0.104451559 -0.038286593 0.159985900 -0.093669318 0.982665062 0.201197028
0.984921455 0.079942867 -0.153423160 -0.018420994 -0.063117445 0.991749942 0.111571141 -0.040070672 0.161076695 -0.100205146 0.981841803 0.204277396
0.984546602 0.083457284 -0.153958023 -0.019155389 -0.064280093 0.989997387 0.125591189 -0.044625401 0.162899554 -0.113753930 0.980063140 0.205727056
0.984251678 0.083178073 -0.155981168 -0.018660732 -0.062092826 0.988830864 0.135491148 -0.045533344 0.165508881 -0.123672076 0.978423297 0.208859518
0.983855903 0.086593106 -0.156618029 -0.019239863 -0.064046398 0.987549841 0.143678054 -0.045190446 0.167109653 -0.131327659 0.977152646 0.213570178
0.983209074 0.087119378 -0.160343394 -0.019287290 -0.062280063 0.986122489 0.153895020 -0.047001392 0.171525449 -0.141324788 0.974990427 0.218310401
0.982259691 0.082071386 -0.168612152 -0.017496314 -0.054666691 0.985409677 0.161180913 -0.048355911 0.179380372 -0.149104059 0.972414851 0.221243694
0.979970574 0.083645456 -0.180724218 -0.017469540 -0.053387623 0.984640121 0.166233271 -0.050080955 0.191852987 -0.153255254 0.969383955 0.224049121
0.977433741 0.086853318 -0.192561269 -0.018818134 -0.053383723 0.983536720 0.172643065 -0.050697982 0.204385683 -0.158467501 0.965978563 0.229060292
0.975144327 0.092886858 -0.201160416 -0.020214120 -0.057247408 0.982680082 0.176245362 -0.048712108 0.214047223 -0.160348743 0.963572502 0.236545831
0.973519027 0.096693397 -0.207149610 -0.021151952 -0.059684187 0.982220531 0.177990034 -0.048002869 0.220677048 -0.160913110 0.961981595 0.244585201
0.971038640 0.101387784 -0.216343805 -0.020791747 -0.062028188 0.981427133 0.181530342 -0.050208289 0.230730668 -0.162853509 0.959292471 0.245996803
0.968807518 0.108674742 -0.222715035 -0.022318471 -0.068093941 0.980862081 0.182408184 -0.049602911 0.238275900 -0.161552817 0.957666576 0.252806991
0.967128873 0.111690305 -0.228444472 -0.022784729 -0.069709286 0.980409622 0.184221461 -0.050423294 0.244544908 -0.162241206 0.955968380 0.258433014
0.965622425 0.115839370 -0.232711345 -0.024447914 -0.072960846 0.980010450 0.185084164 -0.049511991 0.249499574 -0.161742583 0.954771876 0.265917480
0.965816855 0.113827847 -0.232897177 -0.024158556 -0.070191614 0.979706287 0.187746584 -0.050853260 0.249541581 -0.164981365 0.954206586 0.268841326
0.966143608 0.110677600 -0.233059004 -0.025343046 -0.066417053 0.979563117 0.189854354 -0.050561927 0.249308586 -0.167947486 0.953749776 0.273909271
0.966458082 0.110576548 -0.231799632 -0.026907235 -0.066375650 0.979443550 0.190484360 -0.049568553 0.248097748 -0.168709308 0.953931093 0.280275434
0.966392756 0.110008359 -0.232341424 -0.027628250 -0.065464281 0.979326665 0.191398948 -0.049151696 0.248593569 -0.169756532 0.953616202 0.288477719
0.966528475 0.109871060 -0.231841490 -0.028835207 -0.064966828 0.979021311 0.193122536 -0.049302921 0.248196304 -0.171596438 0.953390360 0.296140224
0.966597557 0.111848526 -0.230604693 -0.030203298 -0.066839486 0.978624105 0.194492027 -0.048740473 0.247428909 -0.172582045 0.953411937 0.302202255
0.966603458 0.114369094 -0.229341611 -0.031893183 -0.068222620 0.977439225 0.199896589 -0.051006641 0.247029468 -0.177574411 0.952598393 0.310188890
0.966649294 0.115116782 -0.228773817 -0.033232331 -0.067394949 0.976140499 0.206417263 -0.050890338 0.247077450 -0.184114888 0.951343536 0.318224728
0.967099428 0.110931240 -0.228938192 -0.033564150 -0.062656291 0.976062298 0.208270043 -0.050392322 0.246561572 -0.187073395 0.950900078 0.324693084
0.967426598 0.109290905 -0.228344277 -0.034487735 -0.060521573 0.975701094 0.210581526 -0.051256217 0.245810360 -0.189902425 0.950533748 0.331006736
0.967569888 0.110015698 -0.227386892 -0.035855595 -0.060312614 0.974756062 0.214972049 -0.052080616 0.245297015 -0.194286168 0.949780107 0.335652918
0.967591524 0.110828750 -0.226899430 -0.036695588 -0.060624093 0.974214137 0.217327997 -0.052516349 0.245134801 -0.196529150 0.949360430 0.341100335
0.968231320 0.114360034 -0.222372845 -0.039144006 -0.064949371 0.973786294 0.217995048 -0.051924102 0.241473511 -0.196626678 0.950278044 0.347343922
0.969989300 0.115192160 -0.214128986 -0.039644346 -0.066748284 0.972974896 0.221053302 -0.053190388 0.233805731 -0.200126618 0.951464176 0.350300908
0.970609844 0.110210240 -0.213939771 -0.039104614 -0.060610343 0.972267687 0.225880623 -0.056929834 0.232901096 -0.206275016 0.950372338 0.349888235
0.970986068 0.106649578 -0.214037061 -0.039346918 -0.056949034 0.972418904 0.226182073 -0.055930376 0.232255921 -0.207430482 0.950278759 0.354209244
0.971448541 0.107410915 -0.211543724 -0.040464867 -0.058117785 0.972216725 0.226753354 -0.055436350 0.230022177 -0.207984790 0.950700939 0.356118381
0.972507834 0.110661730 -0.204894766 -0.042074516 -0.062708326 0.971819162 0.227233052 -0.053337798 0.224266648 -0.208137304 0.952041626 0.359399766
0.973233521 0.112440057 -0.200432792 -0.042957410 -0.064185850 0.970421135 0.232728526 -0.054140307 0.220672205 -0.213634253 0.951663911 0.358628988
0.972954452 0.116830379 -0.199272886 -0.043740239 -0.067660876 0.968970358 0.237735495 -0.053755388 0.220864192 -0.217822850 0.950669408 0.361031204
0.972893476 0.117959745 -0.198905960 -0.044222318 -0.068373963 0.968394876 0.239867240 -0.052757569 0.220914185 -0.219765320 0.950210452 0.360930741
0.972631454 0.120926566 -0.198405385 -0.045077831 -0.071003027 0.967736363 0.241753742 -0.052426703 0.221238568 -0.221049950 0.949836910 0.360510975
0.972224593 0.123428285 -0.198858052 -0.045579061 -0.072976828 0.967149258 0.243508860 -0.052560784 0.222381309 -0.222233295 0.949293792 0.359754920
0.972002208 0.123880088 -0.199662656 -0.045596793 -0.073020309 0.966911495 0.244438320 -0.052688479 0.223337129 -0.223015159 0.948885977 0.357706279
0.972002029 0.123648874 -0.199806571 -0.045949213 -0.072673641 0.966848493 0.244790748 -0.052753821 0.223450720 -0.223416477 0.948764801 0.356863260
0.971964240 0.123715527 -0.199949652 -0.045988724 -0.072539218 0.966678619 0.245500192 -0.053094223 0.223659173 -0.224113196 0.948551357 0.354227155
0.971933365 0.123266317 -0.200376511 -0.045864537 -0.071824275 0.966551423 0.246210679 -0.053411596 0.224023595 -0.224908516 0.948277056 0.351646185
0.971999943 0.122059464 -0.200791597 -0.045268305 -0.070401751 0.966521859 0.246736780 -0.053643055 0.224185944 -0.225692049 0.948052585 0.349774987
0.971946180 0.121396758 -0.201452672 -0.044424467 -0.069425270 0.966418922 0.247415617 -0.053769283 0.224723056 -0.226488799 0.947735369 0.347725183
0.972238243 0.119117878 -0.201403469 -0.043752346 -0.066909805 0.966312945 0.248520434 -0.054614015 0.224221900 -0.228145242 0.947456658 0.343211472
0.972462535 0.116416022 -0.201899767 -0.042738408 -0.063974410 0.966368973 0.249074847 -0.055147097 0.224105865 -0.229299575 0.947205424 0.339156270
0.972945452 0.115645997 -0.200007260 -0.042902153 -0.063035846 0.965735734 0.251755953 -0.057677388 0.222268701 -0.232337162 0.946898043 0.335684001
0.973374724 0.110771917 -0.200676158 -0.041172817 -0.057896707 0.965903580 0.252345800 -0.058099754 0.221786603 -0.234008566 0.946599483 0.331486791
0.973465860 0.104478769 -0.203588456 -0.038790006 -0.051273122 0.966652215 0.250908077 -0.057548925 0.223013744 -0.233811826 0.946359754 0.329568654
0.973537564 0.099479742 -0.205737844 -0.036956280 -0.046520654 0.967699826 0.247776106 -0.057849526 0.223741114 -0.231648281 0.946720004 0.325937450
0.973652422 0.096970871 -0.206391394 -0.034890145 -0.044877317 0.968861997 0.243500873 -0.057539202 0.223577186 -0.227822915 0.947686613 0.322773039
0.973825514 0.093437634 -0.207203239 -0.033369090 -0.041928418 0.969800115 0.240270644 -0.058218189 0.223395988 -0.225293949 0.948333681 0.316143602
0.973911643 0.088727109 -0.208862662 -0.030715756 -0.037636533 0.970802188 0.236910731 -0.055975772 0.223784745 -0.222869262 0.948814869 0.315314353
0.974065781 0.087748803 -0.208556876 -0.029259147 -0.036891080 0.970994413 0.236238986 -0.055810519 0.223237261 -0.222418427 0.949049652 0.311359167
0.974309981 0.083613396 -0.209114298 -0.027027074 -0.033057220 0.971564949 0.234454766 -0.055276886 0.222771674 -0.221518919 0.949369311 0.307526261
0.974617302 0.080211490 -0.209014997 -0.025591996 -0.030419560 0.972400963 0.231324583 -0.055743106 0.221801281 -0.219094813 0.950158715 0.303130597
0.974709332 0.077678569 -0.209541574 -0.023768414 -0.028289270 0.972990990 0.229103535 -0.055768363 0.221678525 -0.217381597 0.950580776 0.300263494
0.975063205 0.075090028 -0.208836764 -0.022542212 -0.026063640 0.973252654 0.228254184 -0.056028970 0.220390528 -0.217119247 0.950940073 0.295340598
0.975201666 0.071323037 -0.209509730 -0.020958979 -0.023004390 0.974187970 0.224562913 -0.055948276 0.220118344 -0.214174479 0.951670647 0.292452216
0.975197434 0.070046298 -0.209960058 -0.019632030 -0.022698849 0.975251198 0.219931662 -0.055984844 0.220169187 -0.209710956 0.952652514 0.288910836
0.975326180 0.067367934 -0.210238039 -0.018427875 -0.020633696 0.975951850 0.217007637 -0.056117970 0.219801515 -0.207315251 0.953261554 0.286353797
0.975306094 0.065327853 -0.210973859 -0.017088149 -0.018902687 0.976438105 0.214968234 -0.056090936 0.220046327 -0.205671862 0.953561008 0.283538193
0.975281000 0.065195754 -0.211130783 -0.016336631 -0.019310286 0.976974070 0.212482452 -0.055628058 0.220122248 -0.203153104 0.954083323 0.282121062
0.975190699 0.066490307 -0.211144418 -0.015635237 -0.021243820 0.977532327 0.209712550 -0.055651825 0.220344320 -0.200024202 0.954692960 0.279088944
0.974966049 0.067771308 -0.211773321 -0.014544662 -0.022386026 0.977497637 0.209755629 -0.057257354 0.221223354 -0.199763939 0.954544187 0.275889605
0.975024760 0.067240424 -0.211672410 -0.013860509 -0.022667324 0.978219688 0.206331506 -0.056488186 0.220935881 -0.196380317 0.955312610 0.274011016
0.975659788 0.066318862 -0.209020868 -0.014215510 -0.022983797 0.978848934 0.203289583 -0.056348853 0.218081772 -0.193537414 0.956547678 0.272962838
0.976553917 0.064421125 -0.205407619 -0.013126004 -0.022351293 0.979359031 0.200889170 -0.056434486 0.214109287 -0.191587985 0.957836807 0.271170348
0.976926088 0.059442088 -0.205138579 -0.011460315 -0.018076742 0.980055630 0.197899833 -0.056464020 0.212810770 -0.189625308 0.958516419 0.269347340
0.977201343 0.055303298 -0.204985023 -0.010222908 -0.014640151 0.980733454 0.194801584 -0.056522220 0.211808801 -0.187359408 0.959183753 0.267992228
0.977539361 0.053222977 -0.203921407 -0.009628668 -0.013012408 0.980983198 0.193656385 -0.056855474 0.210350454 -0.186653286 0.959642172 0.265791357
0.977824211 0.050301068 -0.203296065 -0.008919816 -0.010176939 0.980993271 0.193775132 -0.057458721 0.209179163 -0.187409148 0.959750950 0.264137208
0.977914870 0.048609380 -0.203271881 -0.008157182 -0.008507235 0.981029689 0.193671107 -0.057756715 0.208829969 -0.187664613 0.959777117 0.263705909
0.977964759 0.047512136 -0.203291014 -0.007495265 -0.007393084 0.981029868 0.193715543 -0.057968196 0.208638430 -0.187944084 0.959763944 0.262035400
0.977880836 0.046953473 -0.203824207 -0.006858900 -0.006693021 0.981003404 0.193875536 -0.057796728 0.209055349 -0.188222989 0.959618688 0.262307942
0.977935195 0.048493981 -0.203202084 -0.006874837 -0.008528791 0.981141627 0.193102598 -0.057215754 0.208734334 -0.187108785 0.959906340 0.262307256
0.978245437 0.049969204 -0.201342851 -0.007665034 -0.010801330 0.981509030 0.191111133 -0.055493832 0.207169428 -0.184778839 0.960696399 0.262072146
0.979076028 0.049059421 -0.197492182 -0.007865515 -0.011526267 0.982315660 0.186876923 -0.054556079 0.203167737 -0.180690363 0.962327302 0.262918115
0.979462683 0.046574380 -0.196172565 -0.006270081 -0.010005767 0.982984126 0.183418110 -0.055679429 0.201377034 -0.177688301 0.963262200 0.260053128
0.979800522 0.045614522 -0.194705412 -0.006401215 -0.009781510 0.983404398 0.181163788 -0.055843119 0.199737802 -0.175599858 0.963986218 0.259031504
0.980075479 0.044826254 -0.193501174 -0.006396994 -0.009377637 0.983557463 0.180352345 -0.056018442 0.198403999 -0.174944326 0.964380801 0.257966161
0.980292797 0.045664459 -0.192199603 -0.006727017 -0.010491339 0.983578265 0.180177137 -0.054910608 0.197270975 -0.174609914 0.964673758 0.262567043
0.980415761 0.045186415 -0.191685051 -0.006202504 -0.009979335 0.983470321 0.180794492 -0.055290099 0.196685970 -0.175340876 0.964660645 0.262153327
0.980424821 0.045525037 -0.191558436 -0.005390979 -0.010423155 0.983538806 0.180396706 -0.054575767 0.196617663 -0.174868748 0.964760244 0.262501657
0.980628133 0.044820525 -0.190681934 -0.005043905 -0.009820790 0.983495116 0.180668518 -0.054653585 0.195632353 -0.175295934 0.964883029 0.261934698
0.980792761 0.043692704 -0.190095797 -0.004363760 -0.008783378 0.983492792 0.180734053 -0.054956164 0.194854617 -0.175592944 0.964986444 0.261224449
0.980853379 0.043475062 -0.189833134 -0.003762599 -0.008665290 0.983541429 0.180474997 -0.054841641 0.194554925 -0.175374538 0.965086579 0.261387765
0.980884135 0.044159856 -0.189515367 -0.003440805 -0.009446846 0.983567894 0.180291221 -0.054670997 0.194362879 -0.175054461 0.965183437 0.260899812
0.980892181 0.045133371 -0.189243600 -0.003164724 -0.010330248 0.983429253 0.180997476 -0.054994497 0.194276720 -0.175584123 0.965104580 0.260409713
0.980916679 0.046989582 -0.188664690 -0.003268126 -0.012268798 0.983381569 0.181136280 -0.054826036 0.194040880 -0.175364926 0.965191960 0.259316832
0.980874240 0.048427880 -0.188521534 -0.002905238 -0.013713129 0.983340621 0.181253850 -0.054457750 0.194158643 -0.175202012 0.965197742 0.259960353
0.981120408 0.047910482 -0.187369406 -0.003320262 -0.013359502 0.983304322 0.181477383 -0.054339405 0.192935824 -0.175548017 0.965380073 0.259931624
0.981222630 0.048410542 -0.186704472 -0.003109798 -0.014065314 0.983371794 0.181058124 -0.054031234 0.192365035 -0.175032273 0.965587676 0.259380966
0.981765091 0.048711170 -0.183751196 -0.003872704 -0.014929455 0.983384192 0.180921674 -0.053495273 0.189510927 -0.174879283 0.966179490 0.260132223
0.982940376 0.048326623 -0.177461669 -0.003765862 -0.015791323 0.983474791 0.180354923 -0.052888464 0.183245063 -0.174475804 0.967460334 0.260495156
0.983850598 0.047951948 -0.172448486 -0.003269497 -0.016362015 0.983506560 0.180130735 -0.052854773 0.178241834 -0.174400136 0.968408287 0.260622919
0.984381914 0.046953257 -0.169669151 -0.002381880 -0.015842013 0.983492494 0.180254221 -0.053272288 0.175331861 -0.174751103 0.968876064 0.258569747
0.984421372 0.047998004 -0.169146746 -0.001868870 -0.017095884 0.983589053 0.179611742 -0.053353485 0.174991906 -0.173921958 0.969086707 0.258146733
0.984485626 0.047462795 -0.168923989 -0.001866430 -0.016705522 0.983701348 0.179032415 -0.053063095 0.174668133 -0.173432902 0.969232798 0.258315325
0.984336972 0.046899270 -0.169944182 -0.001050781 -0.015887894 0.983642459 0.179429963 -0.053508427 0.175579429 -0.173919454 0.968980849 0.258220583
0.984269857 0.046814408 -0.170355916 -0.000870187 -0.015797496 0.983712375 0.179054111 -0.053453974 0.175963506 -0.173546344 0.968978107 0.258388937
0.984240234 0.045675810 -0.170835420 -0.000698403 -0.014597388 0.983754694 0.178923458 -0.053715125 0.176232576 -0.173609897 0.968917847 0.257992744
0.984202087 0.045264240 -0.171164736 -0.000480916 -0.014120734 0.983755350 0.178957894 -0.053662978 0.176484615 -0.173713729 0.968853295 0.258630604
0.984154999 0.044176202 -0.171718240 -0.000218090 -0.012846879 0.983685970 0.179434583 -0.053887665 0.176843524 -0.174385414 0.968667209 0.258705467
