0.999911249 -0.002818567 0.013030903 -0.001944209 0.002456689 0.999613166 0.027703827 -0.008954876 -0.013103950 -0.027669344 0.999531209 -0.007617378
0.999560952 -0.005520951 0.029110996 -0.013794310 0.004062330 0.998744547 0.049928684 -0.031867150 -0.029350100 -0.049788501 0.998328447 -0.011493635
0.999506414 -0.011408017 0.029270528 -0.003339504 0.010261117 0.999185026 0.039038163 -0.011818257 -0.029692022 -0.038718544 0.998808920 -0.010191543
0.999042869 -0.008898781 0.042826179 -0.013288198 0.006680686 0.998642325 0.051660225 -0.034171347 -0.043227743 -0.051324669 0.997746170 -0.018568141
0.998745739 -0.009726403 0.049115457 -0.014264692 0.007148714 0.998601258 0.052387789 -0.037181444 -0.049556307 -0.051970977 0.997418284 -0.022775324
0.998578370 -0.006393495 0.052918501 -0.014645607 0.003559760 0.998563051 0.053471066 -0.040173136 -0.053184323 -0.053206667 0.997166336 -0.027920328
0.998460710 -0.001122412 0.055452187 -0.015926080 -0.001815439 0.998598039 0.052901134 -0.041026220 -0.055433825 -0.052920379 0.997058928 -0.031559952
0.998322904 0.001760193 0.057863306 -0.016203936 -0.004848816 0.998567700 0.053280953 -0.042607814 -0.057686642 -0.053472169 0.996901631 -0.033492357
0.998201847 0.004113766 0.059801355 -0.016649818 -0.007161742 0.998680830 0.050843712 -0.041570153 -0.059513319 -0.051180568 0.996914566 -0.036219135
0.998131573 0.002885909 0.061035443 -0.017335335 -0.005769751 0.998872340 0.047125325 -0.043382157 -0.060830608 -0.047389425 0.997022510 -0.039129861
0.998105466 0.002567769 0.061473913 -0.017904585 -0.005257101 0.999034107 0.043625839 -0.043689102 -0.061302524 -0.043866359 0.997154713 -0.041998602
0.998130083 0.001714926 0.061101090 -0.017629413 -0.004149840 0.999201119 0.039745986 -0.044071335 -0.060984120 -0.039925221 0.997339904 -0.044457253
0.998020172 0.003811328 0.062779121 -0.019448724 -0.006194222 0.999265850 0.037806012 -0.045030404 -0.062588952 -0.038120024 0.997311115 -0.045428962
0.998117745 0.002521094 0.061273776 -0.018285567 -0.004622713 0.999404907 0.034181319 -0.042479675 -0.061151136 -0.034400221 0.997535527 -0.047591038
0.998131573 0.003604464 0.060995076 -0.018372593 -0.005614401 0.999445677 0.032813195 -0.043407101 -0.060842991 -0.033094335 0.997598529 -0.048568174
0.998222232 0.005059517 0.059386946 -0.015977651 -0.006616836 0.999638557 0.026055977 -0.032039456 -0.059233651 -0.026402606 0.997894883 -0.046096247
0.998201191 0.006114090 0.059641391 -0.016537687 -0.007642116 0.999647498 0.025425866 -0.031311631 -0.059464902 -0.025835913 0.997895956 -0.046134725
0.998245358 0.006212708 0.058886785 -0.016272461 -0.007694500 0.999658585 0.024970118 -0.030606560 -0.058711544 -0.025379404 0.997952282 -0.047127806
0.998276472 0.005520508 0.058426101 -0.015646799 -0.006824262 0.999731600 0.022138622 -0.028480370 -0.058288198 -0.022499178 0.998046100 -0.046825889
0.998225629 0.006871813 0.059146650 -0.016605087 -0.008174970 0.999728441 0.021818940 -0.029584149 -0.058980647 -0.022263739 0.998010755 -0.047622219
0.998245180 0.007616665 0.058723636 -0.015862413 -0.008851220 0.999744713 0.020791762 -0.029128943 -0.058550268 -0.021275055 0.998057723 -0.046449315
0.998219490 0.008632163 0.059018794 -0.016226808 -0.009851984 0.999743223 0.020408696 -0.028754067 -0.058827471 -0.020953810 0.998048246 -0.046065092
0.998248100 0.008335407 0.058578890 -0.015446528 -0.009601929 0.999725521 0.021372600 -0.029640594 -0.058384661 -0.021897629 0.998053968 -0.046075549
0.998201251 0.009862945 0.059136715 -0.016147360 -0.011156923 0.999704659 0.021590952 -0.029414264 -0.058906309 -0.022211900 0.998016357 -0.046430688
0.998227358 0.011590018 0.058375414 -0.015208236 -0.012810669 0.999706149 0.020579683 -0.028427815 -0.058119744 -0.021291027 0.998082459 -0.046346311
0.998244464 0.012044373 0.057990268 -0.014886748 -0.013230056 0.999710321 0.020105861 -0.028080275 -0.057731315 -0.020837780 0.998114586 -0.047024161
0.998246849 0.012593062 0.057832800 -0.014520684 -0.013717803 0.999723613 0.019092482 -0.027571058 -0.057576381 -0.019852344 0.998143673 -0.046827700
0.998201549 0.014462612 0.058175806 -0.014957407 -0.015478049 0.999734998 0.017042035 -0.026218725 -0.057913911 -0.017911829 0.998160779 -0.046669479
0.998067677 0.014079196 0.060519312 -0.018348875 -0.015476362 0.999623001 0.022679882 -0.038403980 -0.060177170 -0.023572678 0.997909427 -0.050332107
0.998063982 0.014051466 0.060587738 -0.018443439 -0.015348282 0.999661863 0.020991933 -0.037648827 -0.060272276 -0.021881212 0.997942090 -0.050610986
0.998231828 0.013591116 0.057867225 -0.014471041 -0.014548127 0.999763727 0.016148979 -0.028398465 -0.057634074 -0.016962288 0.998193502 -0.046553150
0.998171389 0.014650149 0.058645584 -0.014942048 -0.015564995 0.999763668 0.015173198 -0.027712939 -0.058409426 -0.016058274 0.998163462 -0.046252698
0.998236418 0.012840061 0.057960052 -0.014289880 -0.013766279 0.999783337 0.015609362 -0.027944252 -0.057747066 -0.016379727 0.998196721 -0.045858562
0.998217165 0.012645449 0.058331974 -0.014588363 -0.013544604 0.999795020 0.015044848 -0.027515097 -0.058129773 -0.015808109 0.998183727 -0.045234244
0.998221517 0.012469356 0.058295742 -0.014385621 -0.013381211 0.999793768 0.015277700 -0.027718941 -0.058093205 -0.016030598 0.998182297 -0.045239422
0.998040676 0.013374230 0.061121177 -0.018447118 -0.014652683 0.999682128 0.020516602 -0.038378689 -0.060827348 -0.021372000 0.997919500 -0.048252124
0.998013139 0.013888611 0.061457079 -0.018838733 -0.015200119 0.999665499 0.020924380 -0.038352590 -0.061145913 -0.021816965 0.997890413 -0.048694231
0.997828007 0.014071404 0.064352848 -0.022294117 -0.015695894 0.999568999 0.024807936 -0.043328356 -0.063976035 -0.025764130 0.997618735 -0.049312796
0.997841954 0.014504447 0.064040631 -0.022066446 -0.016070165 0.999582767 0.024001788 -0.042728253 -0.063665770 -0.024979131 0.997658610 -0.048223350
0.997894704 0.015651198 0.062938765 -0.021512145 -0.017227078 0.999549568 0.024574017 -0.042816896 -0.062525801 -0.025606534 0.997714818 -0.048381023
0.998048663 0.017024830 0.060074024 -0.018175235 -0.018073546 0.999692917 0.016957117 -0.029034166 -0.059766866 -0.018009774 0.998049855 -0.044165447
0.998258531 0.016439885 0.056652788 -0.016030312 -0.017383887 0.999717593 0.016210645 -0.028761866 -0.056370266 -0.017167252 0.998262286 -0.043008607
0.998404980 0.020099668 0.052757438 -0.018256707 -0.020927073 0.999665797 0.015177902 -0.034618784 -0.052434731 -0.016257755 0.998492002 -0.049187060
0.998861670 0.017007392 0.044565458 -0.019165600 -0.017793240 0.999692082 0.017296502 -0.041442644 -0.044257566 -0.018069778 0.998856723 -0.046641164
0.999323189 0.016110322 0.033069361 -0.017867045 -0.016383246 0.999833763 0.007998724 -0.038496427 -0.032935005 -0.008535096 0.999421000 -0.044504967
0.999514222 0.021654170 0.022412298 -0.017726630 -0.021435559 0.999720752 -0.009948898 -0.027467299 -0.022621466 0.009463646 0.999699295 -0.041638847
0.999535382 0.027146956 0.013855535 -0.020561829 -0.026918810 0.999503136 -0.016395230 -0.025727520 -0.014293731 0.016014637 0.999769628 -0.034520101
0.999602497 0.028058808 0.002716647 -0.021588704 -0.028035175 0.999571800 -0.008377822 -0.035469525 -0.002950556 0.008298332 0.999961138 -0.033322416
0.999234498 0.027745983 -0.027578587 -0.006078067 -0.028180791 0.999482572 -0.015504633 -0.017128671 0.027134128 0.016269952 0.999499321 -0.020491315
0.998377502 0.039426092 -0.041084982 -0.015850859 -0.040318064 0.998963833 -0.021112708 -0.018517621 0.040210024 0.022734918 0.998932660 -0.022966925
0.997403979 0.043409999 -0.057453774 -0.016521893 -0.044741657 0.998754263 -0.022097556 -0.016801668 0.056422945 0.024610767 0.998103559 -0.015224909
0.995716095 0.049276028 -0.078239039 -0.014973182 -0.050990999 0.998497367 -0.020073920 -0.015339068 0.077132329 0.023977414 0.996732473 -0.013803142
0.993972003 0.052718345 -0.096127287 -0.017157227 -0.055127658 0.998223960 -0.022580698 -0.010749972 0.094766155 0.027743855 0.995112896 -0.001907522
0.992552936 0.053913072 -0.109233677 -0.014958859 -0.056638971 0.998152196 -0.022005307 -0.010033442 0.107845455 0.028028315 0.993772507 0.001196571
0.991602659 0.055773310 -0.116676718 -0.017844357 -0.058590181 0.998064399 -0.020851012 -0.010011029 0.115287922 0.027512029 0.992951095 0.004691825
0.990419090 0.056103557 -0.126183853 -0.016630959 -0.059046868 0.998060703 -0.019704504 -0.009616051 0.124833651 0.026966482 0.991811156 0.006493824
0.989050865 0.058362015 -0.135544866 -0.017750705 -0.061426491 0.997939527 -0.018533718 -0.008950434 0.134183928 0.026656829 0.990597904 0.009440660
0.988097906 0.057472244 -0.142686650 -0.015938209 -0.060739271 0.997979522 -0.018643824 -0.007432675 0.141326815 0.027088607 0.989592314 0.010452768
0.987008631 0.060234517 -0.148948729 -0.016258299 -0.063656524 0.997803867 -0.018310359 -0.006998698 0.147518709 0.027554041 0.988675416 0.011648593
0.986065090 0.062506706 -0.154170364 -0.017305320 -0.065913945 0.997679055 -0.017083665 -0.006818741 0.152744710 0.027007580 0.987896562 0.013566198
0.985597789 0.064072557 -0.156498492 -0.018297810 -0.067544781 0.997572005 -0.016964925 -0.006691174 0.155031547 0.027291248 0.987532437 0.015787447
0.985239863 0.065363161 -0.158208519 -0.018401397 -0.068885155 0.997481883 -0.016875476 -0.006202776 0.156707108 0.027524611 0.987261534 0.015083992
0.984800518 0.067841113 -0.159892082 -0.018674549 -0.071329296 0.997321725 -0.016171502 -0.006298230 0.158366740 0.027330695 0.987002075 0.015635779
0.984331787 0.071191899 -0.161315605 -0.019332873 -0.074743159 0.997073770 -0.016046038 -0.005705089 0.159701213 0.027851863 0.986772418 0.017345458
0.983820975 0.070289567 -0.164789915 -0.019123293 -0.073789030 0.997157931 -0.015203386 -0.006184832 0.163252935 0.027117094 0.986211538 0.017671652
0.983179986 0.072227150 -0.167750850 -0.019904638 -0.075722575 0.997023106 -0.014526204 -0.006175133 0.166202307 0.026984401 0.985722363 0.018126760
0.982234895 0.075966477 -0.171591565 -0.019370701 -0.079590462 0.996724665 -0.014329763 -0.005305221 0.169940963 0.027732249 0.985063970 0.018617965
0.981378317 0.077534489 -0.175741121 -0.019516323 -0.081167802 0.996608078 -0.013570134 -0.005542892 0.174092874 0.027581958 0.984342873 0.018405430
0.980577469 0.079400077 -0.179341286 -0.020390589 -0.083113857 0.996451616 -0.013277713 -0.005514342 0.177650645 0.027925577 0.983697295 0.019090623
0.979452908 0.081433758 -0.184500724 -0.020177795 -0.085184820 0.996286988 -0.012483051 -0.005718994 0.182799146 0.027943224 0.982753158 0.017911382
0.977228701 0.085987754 -0.193984643 -0.019555498 -0.090154447 0.995846272 -0.012737770 -0.005136585 0.192083582 0.029936293 0.980921865 0.017533898
0.974356771 0.088801168 -0.206744328 -0.019695621 -0.093869753 0.995474160 -0.014817155 -0.005133968 0.204492867 0.033844236 0.978282809 0.017652564
0.971416533 0.089469612 -0.219875246 -0.019443313 -0.095993586 0.995197713 -0.019146316 -0.005245965 0.217106357 0.039705664 0.975340009 0.019357501
0.968779385 0.090504698 -0.230815023 -0.019925885 -0.099102855 0.994739771 -0.025908882 -0.005258624 0.227256030 0.047974419 0.972652614 0.019827096
0.967132270 0.090803072 -0.237507761 -0.020797862 -0.101433031 0.994298220 -0.032899309 -0.005098635 0.233166203 0.055909123 0.970828295 0.020040508
0.965855539 0.087838888 -0.243736342 -0.020787891 -0.100872256 0.994033694 -0.041492399 -0.004773201 0.238637522 0.064661890 0.968953490 0.020365972
0.964295268 0.086900078 -0.250165880 -0.020809453 -0.102726318 0.993406892 -0.050891649 -0.004708260 0.244094044 0.074773192 0.966864467 0.020230412
0.963428319 0.087419741 -0.253305346 -0.021515641 -0.105185904 0.992792368 -0.057438329 -0.004409520 0.246458307 0.081981860 0.965679646 0.021554226
0.963090122 0.084413648 -0.255600631 -0.021242369 -0.104132757 0.992463231 -0.064599916 -0.004580373 0.248221114 0.088831946 0.964621782 0.020293988
0.962802887 0.082884483 -0.257178366 -0.021147914 -0.104192331 0.992066681 -0.070339262 -0.005102077 0.249308079 0.094518870 0.963800669 0.019594328
0.962366521 0.083688520 -0.258547664 -0.021490768 -0.106388867 0.991486728 -0.075069450 -0.004818838 0.250064105 0.099750914 0.963077307 0.017845869
0.961768687 0.085090041 -0.260308921 -0.021726431 -0.108862132 0.990969360 -0.078286059 -0.004572948 0.251296818 0.103630841 0.962346435 0.018921232
0.961483240 0.085483447 -0.261232585 -0.021715652 -0.109950788 0.990671575 -0.080502242 -0.004774234 0.251914144 0.106124304 0.961913168 0.018764380
0.960950851 0.084650628 -0.263453156 -0.021180013 -0.110053271 0.990438819 -0.083181873 -0.004613481 0.253892839 0.108927600 0.961079180 0.017386764
0.960711122 0.084475301 -0.264382422 -0.022216082 -0.110775851 0.990101874 -0.086179845 -0.004582678 0.254485399 0.112081118 0.960559726 0.018944634
0.959934652 0.084832497 -0.267075002 -0.022428907 -0.112065345 0.989760280 -0.088407941 -0.004318132 0.256840318 0.114795700 0.959611893 0.019736145
0.959532797 0.082979076 -0.269093663 -0.022102924 -0.110997796 0.989681184 -0.090612262 -0.004522963 0.258797973 0.116814241 0.958842039 0.018481698
0.958658338 0.080905415 -0.272815853 -0.022014309 -0.109895356 0.989611864 -0.092689380 -0.004837805 0.262482733 0.118838631 0.957590938 0.017257277
0.957664907 0.079926468 -0.276567400 -0.021755820 -0.110328212 0.989233613 -0.096148416 -0.004186737 0.265904993 0.122591160 0.956172645 0.019098928
0.956501603 0.075587727 -0.281764299 -0.020968407 -0.107892662 0.989024878 -0.100940250 -0.004508416 0.271041989 0.126949817 0.954159200 0.018189531
0.955526531 0.074590720 -0.285316139 -0.021376489 -0.109523878 0.988045812 -0.108489931 -0.003811532 0.273813039 0.134913951 0.952273309 0.020564351
0.954542875 0.074624486 -0.288581222 -0.021601548 -0.111855216 0.987078667 -0.114734977 -0.004213050 0.276290327 0.141798764 0.950556040 0.017992219
0.953478992 0.073172793 -0.292444050 -0.021515355 -0.113229848 0.985992372 -0.122466043 -0.003675945 0.279386401 0.149882168 0.948408484 0.020886954
0.952551067 0.072778791 -0.295549721 -0.022117987 -0.115597956 0.984741926 -0.130078450 -0.003609766 0.281573236 0.158071294 0.946430087 0.020189466
0.951468468 0.072087079 -0.299183935 -0.022027463 -0.117238745 0.983773887 -0.135808110 -0.003815686 0.284539402 0.164293081 0.944481373 0.019505303
0.951049209 0.072451971 -0.300426543 -0.026000293 -0.119594887 0.982671440 -0.141612470 -0.003327758 0.284960449 0.170609951 0.943233669 0.023010280
0.950366199 0.070904084 -0.302946508 -0.026358891 -0.119894184 0.981948793 -0.146293804 -0.003275400 0.287105143 0.175354213 0.941712022 0.024512734
0.949537814 0.074063495 -0.304782808 -0.027473949 -0.124381259 0.980964184 -0.149126008 -0.002700981 0.287936270 0.179510102 0.940674603 0.023935340
0.948654950 0.070644833 -0.308323413 -0.026781235 -0.122863367 0.980500937 -0.153370053 -0.002521138 0.291476607 0.183376908 0.938836575 0.024756106
0.947725952 0.069437802 -0.311438441 -0.026691996 -0.123253644 0.979944229 -0.156581625 -0.003619545 0.294319570 0.186782360 0.937277079 0.025063740
0.946811795 0.070976175 -0.313862532 -0.026691509 -0.126493961 0.978944123 -0.160211116 -0.003017324 0.295882732 0.191391498 0.935854018 0.026013944
0.946633697 0.068249255 -0.315002620 -0.026844844 -0.125067085 0.978527367 -0.163836583 -0.003088176 0.297056884 0.194489688 0.934842765 0.027177984
0.945933342 0.067592666 -0.317239940 -0.027038727 -0.126231909 0.977656186 -0.168089285 -0.003005576 0.298789978 0.199047104 0.933330059 0.025821587
0.945428073 0.069199309 -0.318398178 -0.027877126 -0.129237726 0.976673543 -0.171482742 -0.002755290 0.299104631 0.203273639 0.932317674 0.024461195
0.945463777 0.071822174 -0.317710012 -0.030537002 -0.133095518 0.975428939 -0.175567657 -0.001394826 0.297293931 0.208278626 0.931792021 0.026837207
0.945333064 0.070363767 -0.318424791 -0.030666135 -0.131907925 0.975504339 -0.176043928 -0.002104860 0.298237681 0.208422884 0.931458116 0.024900036
0.944560170 0.069355376 -0.320929796 -0.029624380 -0.132027686 0.975161791 -0.177843750 -0.001611126 0.300624043 0.210355759 0.930255711 0.027212676
0.944264352 0.069378436 -0.321794122 -0.029269621 -0.132576585 0.974904716 -0.178840891 -0.001514162 0.301310986 0.211535439 0.929765761 0.027756091
0.944129169 0.069147989 -0.322240084 -0.029978773 -0.132893845 0.974606097 -0.180228740 -0.001255488 0.301594585 0.212982967 0.929343283 0.027148411
0.943776309 0.070347555 -0.323013127 -0.030013787 -0.134576350 0.974226236 -0.181031436 -0.001359419 0.301952690 0.214323103 0.928918779 0.027783193
0.943784535 0.067525603 -0.323590815 -0.029831238 -0.132200062 0.974323153 -0.182256818 -0.001441593 0.302975088 0.214789912 0.928478003 0.025859736
0.943541169 0.067139797 -0.324379772 -0.029554211 -0.132180586 0.974216878 -0.182838500 -0.001185798 0.303740531 0.215392381 0.928088248 0.024961390
0.943424523 0.067346394 -0.324676275 -0.029967975 -0.132530063 0.974132001 -0.183037177 -0.001444155 0.303950667 0.215711132 0.927945435 0.026169956
0.943391144 0.065165818 -0.325217843 -0.029841291 -0.130793348 0.974145770 -0.184209675 -0.001270193 0.304805398 0.216318145 0.927523613 0.025733221
0.943118036 0.064683795 -0.326104969 -0.029590886 -0.130708650 0.974042654 -0.184814423 -0.001039288 0.305685669 0.216926560 0.927091777 0.025066005
0.942982316 0.064402476 -0.326552629 -0.029676769 -0.130691662 0.973949730 -0.185315162 -0.000747794 0.306111097 0.217426658 0.926834226 0.024437763
0.942624152 0.063749082 -0.327712893 -0.029509440 -0.130221680 0.974056363 -0.185085461 -0.001001644 0.307411820 0.217141360 0.926470459 0.024319690
0.942406416 0.063392900 -0.328407556 -0.029626872 -0.130070522 0.974048734 -0.185231775 -0.001074232 0.308142632 0.217279762 0.926195204 0.024685236
0.942222536 0.062863432 -0.329036266 -0.029611208 -0.129654229 0.974116385 -0.185167506 -0.001152420 0.308879405 0.217129931 0.925984979 0.025032628
0.942059875 0.062647030 -0.329543203 -0.029681368 -0.129452631 0.974200487 -0.184865996 -0.000882149 0.309459925 0.216815084 0.925864875 0.024756536
0.942251503 0.066803500 -0.328175873 -0.031744141 -0.134016976 0.973237932 -0.186674207 0.001071356 0.306922704 0.219875187 0.925987720 0.025373014
0.941976607 0.067100741 -0.328903526 -0.031504538 -0.134436101 0.973218560 -0.186474025 0.001225885 0.307582438 0.219870672 0.925769925 0.024214489
0.941592515 0.068319269 -0.329751432 -0.031613927 -0.135733858 0.973136008 -0.185964495 0.000967068 0.308187962 0.219861194 0.925570786 0.024943067
0.941062093 0.069438651 -0.331029564 -0.031462491 -0.137304336 0.972858906 -0.186260983 0.001313371 0.309111387 0.220734924 0.925054789 0.024125749
0.940260649 0.071830459 -0.332791626 -0.031346649 -0.140160307 0.972481847 -0.186102659 0.001395274 0.310265988 0.221629173 0.924454153 0.024041895
0.937728226 0.086753272 -0.336362213 -0.031885751 -0.153691828 0.971994996 -0.177776888 0.000910164 0.311519653 0.218402550 0.924800456 0.025632791
0.936380446 0.093217447 -0.338381737 -0.032288417 -0.156334892 0.973940670 -0.164313450 0.000306290 0.314246893 0.206760749 0.926552117 0.027745776
0.935496986 0.095228486 -0.340260148 -0.031311776 -0.154667303 0.976199627 -0.152027234 -0.000130020 0.317684442 0.194848150 0.927960575 0.025201654
0.934132934 0.098612480 -0.343032539 -0.031067673 -0.155006096 0.977797210 -0.141016632 0.000067102 0.321510226 0.184900403 0.928678095 0.024565386
0.932994783 0.107905373 -0.343332320 -0.032453597 -0.160231769 0.978769958 -0.127808690 -0.000247009 0.322252154 0.174257606 0.930477202 0.025631504
0.932949662 0.109649003 -0.342902392 -0.032567006 -0.158023655 0.980551422 -0.116393454 -0.000174248 0.323471040 0.162775934 0.932132244 0.025572376
0.932721496 0.113186359 -0.342373043 -0.032589287 -0.158208892 0.981647611 -0.106479585 0.000790713 0.324037641 0.153482288 0.933510959 0.027217235
0.932738543 0.117840528 -0.340752661 -0.032563917 -0.158933669 0.982687712 -0.095210277 0.000365671 0.323633760 0.142963365 0.935319543 0.027650706
0.933210373 0.117300414 -0.339645356 -0.030868448 -0.154720545 0.984279513 -0.085178331 0.000210965 0.324314505 0.132039398 0.936688602 0.020899253
0.933951080 0.116866507 -0.337753683 -0.030460663 -0.152050555 0.985164523 -0.079569861 0.000566040 0.323443979 0.125669971 0.937865078 0.020090673
0.936614335 0.118244171 -0.329805970 -0.030210409 -0.150407076 0.985874832 -0.073678106 0.001255672 0.316435426 0.118613131 0.941169262 0.019149896
0.940344453 0.117292657 -0.319366157 -0.028783498 -0.146389917 0.986845791 -0.068595804 0.000372810 0.307119370 0.111255653 0.945145428 0.017108079
0.943603516 0.121744774 -0.307881057 -0.029182456 -0.148507714 0.986775875 -0.064952284 0.000619130 0.295902073 0.107011899 0.949205160 0.017364759
0.948676705 0.129192457 -0.288654923 -0.029637855 -0.151523903 0.986848414 -0.056308784 0.001692190 0.277583987 0.097156972 0.955775857 0.017183054
0.952299476 0.132391021 -0.274951428 -0.029530460 -0.151345998 0.987275064 -0.048809893 0.002312390 0.264990687 0.088094443 0.960218310 0.014685528
0.955817878 0.134811014 -0.261224478 -0.028342012 -0.150729775 0.987690985 -0.041797705 0.001496267 0.252374232 0.079325289 0.964372814 0.014573188
0.961583495 0.139111295 -0.236654386 -0.027668031 -0.150525808 0.988126874 -0.030776843 0.002115104 0.229563147 0.065217085 0.971106231 0.011957575
0.965269983 0.140369788 -0.220341027 -0.027024234 -0.149429232 0.988458455 -0.024915215 0.003180665 0.214300588 0.056975309 0.975104570 0.008964246
0.970660090 0.141947478 -0.194086894 -0.025849227 -0.149358392 0.988491237 -0.024022207 0.005854852 0.188443303 0.052305907 0.980690122 0.002629179
0.973742068 0.142178625 -0.177796498 -0.031334747 -0.149044365 0.988493741 -0.025805265 0.008001871 0.172081813 0.051627245 0.983728826 -0.000850636
0.975360096 0.142191932 -0.168683559 -0.030479232 -0.148814395 0.988490343 -0.027224217 0.009130531 0.162871003 0.051655956 0.985294223 -0.003925905
0.976746559 0.145662561 -0.157316878 -0.029457519 -0.152164340 0.987898529 -0.030042367 0.011770212 0.151037067 0.053281799 0.987091124 -0.009090132
0.977944493 0.149045214 -0.146322221 -0.028614735 -0.155172586 0.987390399 -0.031330582 0.012511091 0.139807492 0.053344771 0.988740742 -0.012837097
0.978267550 0.147378296 -0.145849690 -0.025697315 -0.153760523 0.987542272 -0.033436101 0.013966681 0.139104962 0.055135380 0.988741577 -0.010809464
0.977336884 0.155744195 -0.143374532 -0.026515655 -0.163249865 0.985686362 -0.042093921 0.015834119 0.134766445 0.064545810 0.988772988 -0.010368221
0.976766944 0.159373000 -0.143271208 -0.023389410 -0.167229503 0.984913170 -0.044500761 0.015097175 0.134017482 0.067426041 0.988682508 -0.017518049
0.977309465 0.162198871 -0.136226967 -0.032605778 -0.171622768 0.983305216 -0.060469110 0.026733421 0.124144658 0.082476690 0.988830447 -0.014144707
0.976408958 0.166704684 -0.137241110 -0.031566005 -0.177406132 0.981662571 -0.069754668 0.028827190 0.123096034 0.092456490 0.988078475 -0.016938822
0.976112604 0.168550834 -0.137094408 -0.031312328 -0.180516645 0.980310082 -0.080035850 0.029699786 0.120904915 0.102871805 0.987319350 -0.019327614
0.975843430 0.169850409 -0.137407124 -0.030468227 -0.183133379 0.978909671 -0.090543084 0.031464323 0.119130425 0.113519676 0.986367702 -0.024070060
0.975931585 0.168182939 -0.138824984 -0.029479351 -0.182699606 0.978132665 -0.099384598 0.031828858 0.119074449 0.122355826 0.985317409 -0.026116615
0.976451278 0.162887886 -0.141458347 -0.027971122 -0.179651782 0.976971328 -0.115118310 0.035933200 0.119449385 0.137820661 0.983228028 -0.027447950
0.976727664 0.159625560 -0.143257499 -0.027910972 -0.178102344 0.975777745 -0.127032995 0.034967862 0.119509764 0.149591118 0.981498897 -0.030952433
0.977060556 0.157782003 -0.143029884 -0.029903440 -0.177838549 0.973993361 -0.140393063 0.037904751 0.117158689 0.162608728 0.979710221 -0.032510735
0.977278352 0.153455511 -0.146213099 -0.028609125 -0.175423622 0.972753465 -0.151582062 0.037055075 0.118968211 0.173787117 0.977570772 -0.032638408
0.977593541 0.151260212 -0.146393925 -0.030997204 -0.174784243 0.970841229 -0.164066419 0.037110597 0.117308542 0.185977638 0.975526035 -0.034640528
0.977383196 0.152361602 -0.146655664 -0.033251591 -0.176897585 0.969052851 -0.172174111 0.035613813 0.115884341 0.194223136 0.974088430 -0.035468176
0.977745891 0.147828206 -0.148861498 -0.033275023 -0.173688546 0.968364596 -0.179170996 0.033864520 0.117665656 0.201039225 0.972490609 -0.033186022
0.978330970 0.139502868 -0.152995124 -0.031606711 -0.167917043 0.966899335 -0.192118689 0.033127896 0.121129766 0.213646159 0.969372451 -0.029519301
0.979013801 0.135168940 -0.152516648 -0.035083722 -0.164648667 0.965636909 -0.201087579 0.030342733 0.120094903 0.221979186 0.967627227 -0.028836934
0.979239464 0.130128577 -0.155423731 -0.035431974 -0.160877749 0.965377629 -0.205339611 0.027762773 0.123322047 0.226080894 0.966270804 -0.027897354
0.977981448 0.125275150 -0.166908145 -0.034885086 -0.158585638 0.966005087 -0.204168603 0.021989668 0.135656878 0.226142332 0.964601934 -0.032682620
0.976531863 0.122885190 -0.176874891 -0.035291400 -0.158489943 0.966092765 -0.203827754 0.020548809 0.145830125 0.227077201 0.962896466 -0.028144151
0.974745631 0.121672705 -0.187260628 -0.037888080 -0.159680635 0.965954244 -0.203554600 0.021025365 0.156118184 0.228315920 0.960988462 -0.026187960
0.970878124 0.121876918 -0.206256002 -0.028749084 -0.163465902 0.966389775 -0.198417887 0.015035979 0.175141111 0.226355433 0.958169520 -0.010895400
0.969619930 0.121936731 -0.212057903 -0.030191654 -0.164780647 0.966289937 -0.197815701 0.013867549 0.180788368 0.226749077 0.957026839 -0.006159254
0.969286382 0.119117618 -0.215162277 -0.031396970 -0.162783757 0.966543317 -0.198230565 0.013721623 0.184350893 0.227167144 0.956247747 0.002529110
0.968813658 0.120158695 -0.216707155 -0.032642037 -0.164064094 0.966458023 -0.197590083 0.013492511 0.185696214 0.226981863 0.956031442 0.005193223
0.969399452 0.125674963 -0.210880116 -0.044915870 -0.167245716 0.966925502 -0.192571923 0.015065775 0.179703906 0.221947923 0.958355665 0.000472794
0.969169676 0.124699742 -0.212509289 -0.045940887 -0.165009871 0.968986988 -0.183945432 0.014817090 0.182980806 0.213340476 0.959689438 0.008670729
0.968426704 0.122039102 -0.217384979 -0.044495258 -0.160926074 0.971999228 -0.171231508 0.012883143 0.190401107 0.200808093 0.960949242 0.008150896
0.967728913 0.117776938 -0.222776458 -0.043376330 -0.156738475 0.973561943 -0.166162983 0.014133436 0.197316512 0.195718378 0.960604250 0.011328994
0.967490435 0.116249211 -0.224607617 -0.042133391 -0.154658809 0.974637330 -0.161749005 0.012958719 0.200107813 0.191228151 0.960931122 0.013026848
0.967072010 0.117388032 -0.225813627 -0.042317204 -0.155810595 0.974641502 -0.160613865 0.013480740 0.201233253 0.190509349 0.960838854 0.013579122
0.966811359 0.116591923 -0.227336690 -0.041192826 -0.155149147 0.974874318 -0.159839958 0.013626274 0.202988639 0.189806208 0.960608780 0.013804108
0.966658771 0.117960528 -0.227280021 -0.041719291 -0.156233609 0.974920988 -0.158493385 0.013748917 0.202884078 0.188717812 0.960845292 0.012912380
0.966597855 0.118786335 -0.227108598 -0.041707639 -0.156745464 0.975059032 -0.157132402 0.013725745 0.202779144 0.187482089 0.961109221 0.010831128
0.966648936 0.118684895 -0.226944298 -0.041183501 -0.156187251 0.975470066 -0.155124635 0.013849840 0.202966452 0.185396895 0.961474121 0.008771418
0.966868997 0.117152631 -0.226803094 -0.040399384 -0.154425383 0.975891590 -0.154234365 0.014587067 0.203266323 0.184148595 0.961650729 0.006386574
0.966942251 0.118313849 -0.225886092 -0.040699486 -0.155216396 0.975918770 -0.153265581 0.014878517 0.202313066 0.183260188 0.962021351 0.003574812
0.967082739 0.118147574 -0.225370914 -0.039846085 -0.154909179 0.975997746 -0.153073147 0.015916953 0.201876312 0.182946414 0.962172806 0.002232243
0.968952954 0.120572865 -0.215852231 -0.040824354 -0.156002879 0.975453675 -0.155412868 0.018969012 0.191815287 0.184261367 0.963978529 0.003553819
0.970396698 0.119763315 -0.209730789 -0.039835908 -0.153952822 0.975831211 -0.155087009 0.019756632 0.186088055 0.182784528 0.965381265 -0.000982715
0.971127093 0.117985092 -0.207344458 -0.038346056 -0.151506320 0.976384580 -0.154009730 0.020806754 0.184277087 0.180977017 0.966068983 -0.004747021
0.971813500 0.117852159 -0.204179734 -0.037210461 -0.150892586 0.976382852 -0.154621676 0.022604000 0.181135088 0.181072667 0.966645062 -0.007004304
0.972888470 0.119186133 -0.198198542 -0.037741959 -0.151024058 0.976437628 -0.154147074 0.023754559 0.175156325 0.179900676 0.967964888 -0.010032123
0.973801851 0.117386021 -0.194757700 -0.036043439 -0.148977056 0.976394653 -0.156394616 0.027577059 0.171801835 0.181311786 0.968302667 -0.007845897
0.975211322 0.117350429 -0.187594965 -0.036090530 -0.147809073 0.976376772 -0.157610089 0.029460493 0.164667711 0.181431338 0.969518960 -0.009856004
0.976049244 0.119822308 -0.181578085 -0.036255047 -0.148566604 0.976839304 -0.153989807 0.029499158 0.158921197 0.177278072 0.971244812 -0.015784178
0.977030158 0.123538896 -0.173637733 -0.038436934 -0.150501534 0.976882875 -0.151819050 0.031506456 0.150868163 0.174464539 0.973036945 -0.017396566
0.977922142 0.125317425 -0.167223930 -0.036906756 -0.150479317 0.977560222 -0.147417411 0.033535603 0.144997522 0.169326484 0.974835455 -0.018740593
0.978433132 0.127993196 -0.162130192 -0.035122525 -0.152371898 0.977159679 -0.148127481 0.036804631 0.139467761 0.169636980 0.975587964 -0.013935100
0.979445875 0.128398910 -0.155561909 -0.033131205 -0.151551947 0.977385700 -0.147476166 0.037286520 0.133108199 0.168020636 0.976755440 -0.017615149
0.979975402 0.129723147 -0.151063368 -0.031844173 -0.152069598 0.977343023 -0.147225991 0.037909374 0.128542110 0.167249978 0.977499068 -0.020270152
0.980556905 0.128866702 -0.147991255 -0.031609438 -0.150923252 0.977248430 -0.149022594 0.039582476 0.125420153 0.168460444 0.977696717 -0.019300845
0.981760323 0.126515791 -0.141917109 -0.031806655 -0.147715747 0.977521837 -0.150436252 0.041173406 0.119694516 0.168655723 0.978380501 -0.017820787
0.983339548 0.123242423 -0.133620679 -0.031701706 -0.142848432 0.978503585 -0.148744509 0.040721714 0.112416677 0.165353864 0.979806423 -0.019222923
0.984687805 0.116468862 -0.129711539 -0.028847417 -0.135177210 0.979966819 -0.146260738 0.040541843 0.110078149 0.161555216 0.980705321 -0.021456834
0.984952867 0.115165949 -0.128859162 -0.026035145 -0.132920623 0.981339872 -0.138939366 0.035505824 0.110453561 0.153976724 0.981881440 -0.020131171
0.985236168 0.116920836 -0.125056103 -0.026331155 -0.133031100 0.982634187 -0.129355431 0.034692004 0.107760049 0.144081995 0.983680964 -0.018919766
0.985406160 0.117299102 -0.123351246 -0.025718266 -0.131790698 0.984379053 -0.116744623 0.033275813 0.107730322 0.131297439 0.985472083 -0.014850112
0.985644996 0.115907326 -0.122757576 -0.025553899 -0.129810154 0.985185981 -0.112061977 0.035871357 0.107950248 0.126388490 0.986089528 -0.009742714
0.985184968 0.120062515 -0.122456573 -0.025483452 -0.133428976 0.985209584 -0.107511342 0.035397042 0.107737310 0.122257799 0.986633480 -0.004013875
0.984657943 0.123501360 -0.123271972 -0.025172582 -0.136281461 0.985481560 -0.101258233 0.034459196 0.108976729 0.116504416 0.987193346 0.001899538
0.984310269 0.123416699 -0.126101390 -0.023881137 -0.136059567 0.985930622 -0.097100675 0.033601422 0.112343386 0.112734519 0.987253726 0.008245818
0.982263327 0.124038197 -0.140617490 -0.019403730 -0.137332886 0.986507177 -0.089124694 0.026772838 0.127665296 0.106855325 0.986044347 0.009513371
0.981598437 0.122960590 -0.146100417 -0.020090058 -0.136749715 0.986654401 -0.088389046 0.026068015 0.133282274 0.106741734 0.985313118 0.014615724
0.980466902 0.122396916 -0.153959706 -0.019961927 -0.136635840 0.986920595 -0.085547715 0.024079347 0.141475201 0.104913116 0.984366834 0.013644277
0.979794145 0.122088104 -0.158423439 -0.021277277 -0.137114301 0.986671329 -0.087631911 0.025505669 0.145613045 0.107583337 0.983474910 0.022937728
0.979622483 0.122533649 -0.159139618 -0.021038031 -0.137618139 0.986615419 -0.087471850 0.024261877 0.146291330 0.107589886 0.983373463 0.024978299
0.979875922 0.121211424 -0.158590451 -0.021105198 -0.136073619 0.986920059 -0.086444601 0.022946576 0.146038011 0.106284969 0.983552992 0.027050041
0.980555713 0.118268698 -0.156598479 -0.022300962 -0.132845670 0.987388611 -0.086114570 0.021732677 0.144438908 0.105243564 0.983901024 0.033029396
0.981486857 0.112765141 -0.154814109 -0.021814581 -0.127195448 0.988082886 -0.086680487 0.021325104 0.143194631 0.104767419 0.984133661 0.037029296
0.982941985 0.104742117 -0.151175857 -0.019761473 -0.118572026 0.989253283 -0.085549027 0.018402804 0.140590623 0.102014951 0.984798074 0.037670650
0.983432174 0.101924330 -0.149908215 -0.019577723 -0.115472764 0.989699721 -0.084619612 0.017554952 0.139739305 0.100527972 0.985072136 0.039993607
0.983905017 0.098016933 -0.149410427 -0.018624218 -0.110283628 0.990979493 -0.076138139 0.016233133 0.140599847 0.091390222 0.985839486 0.045688115
0.984415233 0.094064191 -0.148589417 -0.018458925 -0.106071040 0.991522431 -0.075046808 0.017427905 0.140270531 0.089638226 0.986047328 0.042815790
0.984435320 0.094258375 -0.148332074 -0.017745342 -0.106176317 0.991546631 -0.074576877 0.017836783 0.140048668 0.089165457 0.986121714 0.043020960
0.984913766 0.094779067 -0.144782364 -0.018718412 -0.106392115 0.991515934 -0.074678242 0.017959442 0.136476070 0.088955306 0.986641407 0.047335666
0.985773623 0.097311519 -0.137043267 -0.018851701 -0.108387850 0.991213799 -0.075810783 0.018896587 0.128461882 0.089586101 0.987659812 0.042400338
0.986517012 0.099486135 -0.129948974 -0.018571783 -0.110117175 0.990904450 -0.077347413 0.020111972 0.121072009 0.090614155 0.988499224 0.041164234
0.987120450 0.099973604 -0.124894574 -0.017401513 -0.110110193 0.990926921 -0.077068597 0.019614469 0.116056591 0.089828141 0.989172280 0.037209414
0.987754226 0.100024246 -0.119736165 -0.017645080 -0.110165313 0.990583062 -0.081294760 0.020600107 0.110477194 0.093490019 0.989471734 0.035143923
0.988737047 0.097878180 -0.113220319 -0.017283099 -0.107615203 0.990693331 -0.083340876 0.020807866 0.104009330 0.094586439 0.990068436 0.034150183
0.989864409 0.093539745 -0.106859073 -0.015953135 -0.102966435 0.990925968 -0.086392805 0.021485575 0.097808272 0.096520066 0.990513742 0.031153478
0.990845144 0.090989590 -0.099733531 -0.016025132 -0.100006104 0.990955353 -0.089477763 0.021647396 0.090689898 0.098632574 0.990982890 0.029193508
0.991838157 0.088679723 -0.091613203 -0.015998133 -0.097268999 0.990810633 -0.093985438 0.022867780 0.082436711 0.102129482 0.991349459 0.025435604
0.993101001 0.084451154 -0.081353612 -0.015979094 -0.092325345 0.990848958 -0.098459721 0.023132358 0.072294094 0.105291441 0.991810143 0.023880957
0.994263828 0.078818634 -0.072298452 -0.014041698 -0.086130284 0.990807176 -0.104319356 0.022642126 0.063411534 0.109948039 0.991912425 0.016745137
0.994939744 0.078157127 -0.063139103 -0.015015058 -0.084967069 0.989891350 -0.113559298 0.023312513 0.053625386 0.118349396 0.991522968 0.011047652
0.995432377 0.079874866 -0.052291345 -0.015706005 -0.085566595 0.989365876 -0.117615759 0.023329563 0.042340718 0.121552937 0.991681576 0.007614410
0.996141613 0.075060621 -0.045472484 -0.013839040 -0.080145188 0.989180624 -0.122875139 0.023736248 0.035757419 0.126045421 0.991379797 0.001512394
0.996658564 0.071907572 -0.038743414 -0.014030623 -0.076416641 0.988386929 -0.131346345 0.023665482 0.028848689 0.133868068 0.990579188 -0.003370924
0.997044802 0.073294938 -0.023008384 -0.024052192 -0.076013237 0.984597445 -0.157447934 0.043114770 0.011113861 0.158731624 0.987259209 -0.005840525
0.997042954 0.074359067 -0.019389639 -0.023325654 -0.076534510 0.983555138 -0.163590267 0.042830821 0.006906357 0.164590523 0.986337781 -0.012436997
0.997027278 0.075367153 -0.016012065 -0.025046404 -0.076981373 0.983124256 -0.165953487 0.040706176 0.003234410 0.166692778 0.986003578 -0.018038737
0.996992052 0.076261170 -0.013825489 -0.025465934 -0.077500664 0.982674658 -0.168357134 0.041176021 0.000746844 0.168922186 0.985629141 -0.020664636
0.997198284 0.073602326 -0.013347939 -0.025112545 -0.074801289 0.982332170 -0.171546653 0.041438419 0.000485879 0.172064453 0.985085547 -0.024027707
0.996821046 0.075614192 -0.025105182 -0.009350770 -0.078711428 0.983429551 -0.163311899 0.019506920 0.012340480 0.164768800 0.986254990 -0.018589497
0.996664762 0.077894621 -0.024326123 -0.010040448 -0.080850296 0.982997477 -0.164861247 0.019348519 0.011070712 0.166278169 0.986016691 -0.021134252
0.996792436 0.075960696 -0.025196340 -0.009085690 -0.079132169 0.982522249 -0.168487847 0.020970214 0.011957513 0.169941232 0.985381603 -0.021782113
0.996830285 0.075017437 -0.026489295 -0.008504868 -0.078555599 0.980781436 -0.178596437 0.021383876 0.012582358 0.180111229 0.983565748 -0.023732744
0.996935368 0.077125415 -0.013097025 -0.026590230 -0.078188919 0.976958692 -0.198590234 0.043825202 -0.002521102 0.199005678 0.979995012 -0.036340043
0.996703982 0.079985373 -0.013543389 -0.026986651 -0.081068531 0.975880861 -0.202692926 0.043428324 -0.002995735 0.203122795 0.979148626 -0.037466027
0.996589124 0.081305049 -0.014121988 -0.026968697 -0.082460746 0.974542320 -0.208488703 0.043506183 -0.003188713 0.208942100 0.977922738 -0.036938932
0.996359527 0.083897159 -0.015132328 -0.026925147 -0.085192978 0.973327696 -0.213014796 0.041233093 -0.003142620 0.213528484 0.976931810 -0.036229428
0.996015906 0.087944403 -0.014773117 -0.028483860 -0.089061163 0.972556531 -0.214946285 0.039539173 -0.004535630 0.215405598 0.976514161 -0.035390180
0.995606005 0.089242719 -0.028362829 -0.010629431 -0.093170986 0.974394023 -0.204634905 0.017945280 0.009374396 0.206378356 0.978427351 -0.024665356
0.995491385 0.090251021 -0.029183071 -0.010123133 -0.094318599 0.974459171 -0.203797117 0.015812315 0.010044813 0.205630749 0.978578091 -0.022776246
0.995398045 0.091004290 -0.030014500 -0.009154033 -0.095221266 0.974480808 -0.203273207 0.013458145 0.010749822 0.205195770 0.978661895 -0.017707460
0.995749295 0.086765997 -0.030903045 -0.008273756 -0.091234468 0.975184321 -0.201721996 0.009151305 0.012633555 0.203683957 0.978955209 -0.015204327
0.995991349 0.083703764 -0.031541735 -0.008194198 -0.088379301 0.975245953 -0.202692881 0.006965471 0.013794791 0.204667971 0.978734314 -0.010211578
0.996643782 0.078779086 -0.022253575 -0.021227360 -0.081704147 0.974130929 -0.210697383 0.020716149 0.005079349 0.211808413 0.977298021 -0.015293056
0.996751785 0.076543540 -0.025039203 -0.019505838 -0.080077596 0.975059032 -0.206996322 0.014771178 0.008570474 0.208329022 0.978021264 -0.013814938
0.996628046 0.074442752 -0.034508239 -0.015569260 -0.079750724 0.977749586 -0.194024459 0.004072353 0.019296709 0.196122289 0.980389535 -0.018559236
0.996791840 0.069804624 -0.039157454 -0.016981473 -0.076042481 0.978595436 -0.191229001 0.005406234 0.024970634 0.193593144 0.980764031 -0.005624895
0.996719122 0.068382211 -0.043297816 -0.014448126 -0.075395986 0.978989661 -0.189458862 0.003642212 0.029432502 0.192101747 0.980933547 -0.002213793
0.996571183 0.065706886 -0.050283350 -0.011625838 -0.074093752 0.979190946 -0.188931644 0.001552287 0.036822893 0.192009538 0.980701983 0.003106125
0.996491909 0.066660196 -0.050596558 -0.012617905 -0.075125419 0.978933930 -0.189853951 0.000425988 0.036874987 0.192989081 0.980507731 0.008060900
0.996663630 0.063147798 -0.051710576 -0.010705770 -0.071782731 0.979708016 -0.187134638 -0.003309849 0.038844135 0.190222204 0.980972290 0.005864671
0.996907651 0.059735667 -0.051055629 -0.011244842 -0.068344049 0.979759395 -0.188150465 -0.005186724 0.038782936 0.191058010 0.980812311 0.010168694
0.997126758 0.057463255 -0.049359243 -0.012793956 -0.065739840 0.980169356 -0.186939925 -0.008415550 0.037638240 0.189647719 0.981130481 0.012690774
0.997245133 0.055898681 -0.048760764 -0.013310905 -0.064070836 0.980366528 -0.186484426 -0.010254087 0.037379187 0.189094841 0.981247127 0.015079962
