0.999686897 0.003427786 -0.024787622 0.019210529 -0.003410252 0.999993861 0.000749600 0.000553172 0.024790036 -0.000664833 0.999692440 -0.013456469
0.999664009 0.003619078 -0.025664521 0.024447557 -0.003747498 0.999980628 -0.004957871 0.006717096 0.025646081 0.005052386 0.999658287 -0.019222511
0.999475300 0.009746156 -0.030891903 0.025043117 -0.009773875 0.999951959 -0.000746409 0.003559817 0.030883145 0.001047949 0.999522328 -0.017887061
0.999441087 0.011059435 -0.031542890 0.032104433 -0.011402310 0.999877691 -0.010711294 0.014379378 0.031420562 0.011064975 0.999445081 -0.023262963
0.999384105 0.017258570 -0.030552842 0.034587938 -0.017559892 0.999799490 -0.009622032 0.014154966 0.030380648 0.010152612 0.999486923 -0.026446959
0.999320030 0.021480629 -0.029968865 0.038475461 -0.021910194 0.999660850 -0.014079858 0.019109465 0.029656256 0.014726912 0.999451637 -0.028745374
0.999121845 0.024873111 -0.033720054 0.042152490 -0.025346216 0.999585211 -0.013676348 0.019856701 0.033365894 0.014519018 0.999337733 -0.032830432
0.998867929 0.032267556 -0.034950003 0.045315728 -0.032615334 0.999423504 -0.009426698 0.017615438 0.034625676 0.010555934 0.999344587 -0.037357535
0.998613477 0.035975419 -0.038429707 0.054184590 -0.036567677 0.999221265 -0.014821359 0.023419442 0.037866566 0.016206093 0.999151349 -0.040432647
0.998386860 0.041342735 -0.038915999 0.057925366 -0.041997306 0.998987138 -0.016155457 0.023785865 0.038208667 0.017763762 0.999111891 -0.045959748
0.998145759 0.041577231 -0.044457331 0.057974983 -0.042468015 0.998911738 -0.019282987 0.023971146 0.043607220 0.021135235 0.998825192 -0.043655708
0.997714520 0.042546865 -0.052492607 0.063999653 -0.043878727 0.998736739 -0.024485718 0.026102399 0.051384509 0.026733056 0.998321116 -0.049619805
0.997097135 0.046013847 -0.060663130 0.071024224 -0.047433522 0.998628139 -0.022172906 0.023917176 0.059559666 0.024986006 0.997912049 -0.055790998
0.996677041 0.046085127 -0.067164235 0.073020197 -0.047749259 0.998585463 -0.023384979 0.024691891 0.065991543 0.026514312 0.997467875 -0.060199767
0.996419072 0.037666291 -0.075701520 0.077175044 -0.040058780 0.998736799 -0.030337904 0.029855104 0.074463189 0.033261769 0.996668994 -0.061282773
0.995794356 0.038739596 -0.083025359 0.080764428 -0.041530263 0.998619854 -0.032152440 0.030985115 0.081665203 0.035465270 0.996028721 -0.065521017
0.995034277 0.040704098 -0.090829194 0.083029240 -0.043870095 0.998487532 -0.033135813 0.032372016 0.089343071 0.036955945 0.995315135 -0.067860946
0.994363666 0.042698771 -0.097045243 0.084863394 -0.046273980 0.998319089 -0.034892343 0.034969009 0.095392294 0.039186332 0.994668305 -0.069635950
0.993880689 0.045625672 -0.100596458 0.087753445 -0.049481496 0.998119771 -0.036172256 0.036177281 0.098756939 0.040928561 0.994269550 -0.070375137
0.993563175 0.049609791 -0.101838924 0.090452641 -0.053805772 0.997794330 -0.038875684 0.038616344 0.099685691 0.044104967 0.994040966 -0.073911235
0.993077874 0.050214455 -0.106184304 0.092684247 -0.054833785 0.997651815 -0.041038971 0.040661622 0.103874236 0.046577394 0.993499279 -0.076467082
0.992511213 0.050953940 -0.111019239 0.093989797 -0.055951990 0.997533798 -0.042377576 0.041796140 0.108586147 0.048271969 0.992914379 -0.078901932
0.991853952 0.052358549 -0.116121225 0.096660703 -0.057721324 0.997392714 -0.043308776 0.043042209 0.113550909 0.049658664 0.992290378 -0.080177128
0.991540134 0.053333931 -0.118335769 0.098013446 -0.058834314 0.997320056 -0.043482773 0.043605097 0.115699559 0.050077122 0.992021143 -0.082871348
0.991062820 0.052500978 -0.122629568 0.099506356 -0.058191694 0.997366130 -0.043292288 0.043869764 0.120033704 0.050041404 0.991507888 -0.085984014
0.990425766 0.053849842 -0.127109975 0.099473193 -0.060072403 0.997150302 -0.045636471 0.046899602 0.124290235 0.052835345 0.990838349 -0.089511715
0.989739537 0.056236971 -0.131350577 0.101702683 -0.062716238 0.996983707 -0.045720238 0.047672953 0.128383189 0.053488947 0.990281224 -0.089616418
0.989711523 0.055982936 -0.131670684 0.103523672 -0.062756091 0.996880531 -0.047862798 0.049405955 0.128580421 0.055633482 0.990137577 -0.091996871
0.989748418 0.054825712 -0.131880388 0.105099000 -0.061743084 0.996891320 -0.048944730 0.050547071 0.128786981 0.056585666 0.990056574 -0.095047891
0.990244865 0.048815344 -0.130508125 0.105793059 -0.055625342 0.997246027 -0.049052980 0.050251137 0.127754152 0.055834007 0.990233123 -0.097000383
0.990627587 0.041179631 -0.130235314 0.107940286 -0.048207611 0.997520149 -0.051278494 0.051587217 0.127800763 0.057076223 0.990156293 -0.100096665
0.991040349 0.036607783 -0.128448635 0.108415917 -0.043644410 0.997671902 -0.052400723 0.051861908 0.126231357 0.057537280 0.990330935 -0.103354894
0.991318762 0.032920409 -0.127292708 0.109309360 -0.040215712 0.997666597 -0.055171955 0.053205505 0.125179440 0.059812155 0.990329683 -0.106611975
0.991593778 0.028291678 -0.126259059 0.110635936 -0.035805892 0.997694790 -0.057646960 0.053607196 0.124337099 0.061683174 0.990321100 -0.109214678
0.991985798 0.024950022 -0.123861708 0.110007323 -0.032708820 0.997601271 -0.061007671 0.055924237 0.122042470 0.064570107 0.990422428 -0.112053603
0.992161036 0.019592239 -0.123419672 0.111290105 -0.027734406 0.997525692 -0.064602643 0.058318492 0.121848576 0.067519203 0.990249574 -0.114467032
0.992417574 0.016967954 -0.121734776 0.111884162 -0.025470784 0.997316778 -0.068634748 0.059032574 0.120243527 0.071215026 0.990186930 -0.120080434
0.992826283 0.014248312 -0.118713476 0.109828010 -0.022892622 0.997158110 -0.071774252 0.059980594 0.117353469 0.073977023 0.990331113 -0.119752496
0.993143260 0.008654391 -0.116583109 0.109965324 -0.017951809 0.996717870 -0.078937009 0.062796324 0.115517318 0.080488630 0.990039170 -0.124509297
0.993288755 0.008138373 -0.115374535 0.109827660 -0.017691769 0.996473432 -0.082022868 0.063801609 0.114300132 0.083513565 0.989929736 -0.129811034
0.993519604 0.006382588 -0.113482028 0.109186165 -0.016190097 0.996188223 -0.085713200 0.066083714 0.112502418 0.086995006 0.989835799 -0.131719753
0.993719161 0.004476683 -0.111812241 0.108923197 -0.014323179 0.996068954 -0.087415643 0.068606600 0.110981397 0.088468112 0.989876926 -0.136667490
0.993869364 0.003466694 -0.110505663 0.108368501 -0.013306228 0.995993674 -0.088428520 0.070340872 0.109756418 0.089356810 0.989933670 -0.140490651
0.993875027 0.002304445 -0.110484675 0.109233685 -0.012312034 0.995867252 -0.089982539 0.072571412 0.109820709 0.090791687 0.989796162 -0.144424826
0.993874073 0.002998546 -0.110476725 0.109460801 -0.013082501 0.995795488 -0.090665340 0.074355870 0.109740369 0.091555245 0.989734650 -0.148935184
0.993797064 0.008282756 -0.110900253 0.091031849 -0.018457197 0.995676577 -0.091034636 0.061383408 0.109666780 0.092516869 0.989653409 -0.123340130
0.993748188 0.009918995 -0.111203425 0.090849437 -0.020177426 0.995599866 -0.091507405 0.063264526 0.109806463 0.093179107 0.989575803 -0.126886651
0.993884087 0.010353574 -0.109942645 0.088878259 -0.020584710 0.995514989 -0.092336178 0.065035179 0.108493552 0.094034605 0.989639580 -0.130389020
0.993881762 0.010415353 -0.109956600 0.088792868 -0.020812307 0.995370090 -0.093835570 0.067917682 0.108470179 0.095549911 0.989497125 -0.132876620
0.993909359 0.012934888 -0.109438762 0.088371016 -0.023234654 0.995360255 -0.093369626 0.069304995 0.107723296 0.095343724 0.989598632 -0.136157274
0.993923485 0.012695876 -0.109338328 0.087555043 -0.023393186 0.994997799 -0.097117439 0.075529449 0.107558407 0.099085040 0.989248991 -0.137784779
0.994035125 0.018570721 -0.107467428 0.085610867 -0.029103352 0.994830728 -0.097285450 0.079690143 0.105105259 0.099832796 0.989437342 -0.138583615
0.993981004 0.025946889 -0.106437407 0.084645182 -0.035824776 0.995117188 -0.091969006 0.081943922 0.103531413 0.095228508 0.990056932 -0.141696781
0.993843853 0.030093530 -0.106624953 0.085446775 -0.039556053 0.995354772 -0.087773062 0.082784921 0.103488296 0.091450371 0.990417540 -0.144113407
0.994026661 0.032689687 -0.104127049 0.084383652 -0.041806858 0.995364249 -0.086615257 0.086193606 0.100812912 0.090451099 0.990785241 -0.146898836
0.994050145 0.038352214 -0.101948075 0.082844861 -0.047170211 0.995217323 -0.085541308 0.089265555 0.098179795 0.089841276 0.991105020 -0.148768738
0.994159997 0.039998688 -0.100229979 0.082918674 -0.048406791 0.995380461 -0.082911246 0.093460798 0.096450649 0.087278843 0.991503716 -0.150068462
0.994256675 0.042603899 -0.098175690 0.082181536 -0.050274141 0.995760620 -0.077026457 0.096556492 0.094477884 0.081519753 0.992183685 -0.151241377
0.994307637 0.043207988 -0.097394943 0.082993127 -0.050082602 0.996339083 -0.069281854 0.099714078 0.094044872 0.073765256 0.992831349 -0.153655633
0.994534850 0.042841613 -0.095212229 0.082625613 -0.048790399 0.996941149 -0.061055087 0.100725718 0.092305318 0.065366849 0.993582785 -0.156871185
0.994618237 0.042724553 -0.094389461 0.083161399 -0.048335701 0.997146785 -0.057982214 0.104555883 0.091642931 0.062232539 0.993845463 -0.158221900
0.994684160 0.044248618 -0.092981592 0.082926050 -0.049527951 0.997242928 -0.055258788 0.105717801 0.090280131 0.059570219 0.994133234 -0.160720274
0.994724572 0.044471946 -0.092441142 0.083373412 -0.049807411 0.997174442 -0.056234233 0.109641328 0.089679122 0.060541816 0.994128883 -0.162602201
0.994647563 0.048290722 -0.091348089 0.083595842 -0.053513773 0.997016847 -0.055618726 0.111568794 0.088389747 0.060209405 0.994264543 -0.164837912
0.994566262 0.051259480 -0.090611465 0.083313808 -0.056467731 0.996839225 -0.055880748 0.113622651 0.087460689 0.060693704 0.994317353 -0.166677654
0.994605362 0.052303232 -0.089580387 0.083671495 -0.057431843 0.996796370 -0.055663314 0.115627915 0.086382069 0.060507771 0.994422913 -0.168693796
0.994305015 0.054942090 -0.091317602 0.086775675 -0.059812445 0.996881247 -0.051480677 0.103867374 0.088204339 0.056649443 0.994490385 -0.165455788
0.994220078 0.056933735 -0.091023453 0.087552771 -0.061805427 0.996751964 -0.051628210 0.104564376 0.087788425 0.056955554 0.994509578 -0.167258158
0.994265258 0.058479946 -0.089535765 0.087363183 -0.063382082 0.996585071 -0.052921623 0.106636606 0.086135171 0.058293104 0.994576573 -0.169189066
0.994210601 0.059147809 -0.089703448 0.088494077 -0.064206131 0.996442318 -0.054591686 0.107736655 0.086155333 0.060035154 0.994471192 -0.169854850
0.994327188 0.059375674 -0.088249698 0.088960290 -0.064416088 0.996383905 -0.055407591 0.108384669 0.084640682 0.060777977 0.994556189 -0.170439661
0.994382799 0.060044058 -0.087164678 0.089394495 -0.064957745 0.996389210 -0.054673642 0.108959742 0.083567098 0.060028557 0.994692445 -0.172210842
0.994233191 0.063531332 -0.086395949 0.090618268 -0.068432525 0.996138394 -0.055001501 0.111607879 0.082567990 0.060596600 0.994741440 -0.171539262
0.994148135 0.067556836 -0.084295876 0.090264872 -0.072226129 0.995945513 -0.053627502 0.112019874 0.080331184 0.059402041 0.994996667 -0.172477573
0.993968964 0.071865551 -0.082830995 0.091135062 -0.076471873 0.995616615 -0.053846255 0.114009313 0.078598231 0.059855759 0.995107770 -0.172766894
0.994111240 0.071882531 -0.081089720 0.092047319 -0.076013125 0.995899379 -0.049053758 0.115244292 0.077231109 0.054928780 0.995498836 -0.172727332
0.994258046 0.072634630 -0.078580976 0.092163332 -0.076403007 0.996012568 -0.046058092 0.114917904 0.074922226 0.051797442 0.995843232 -0.173309281
0.994286001 0.075403310 -0.075561717 0.091823049 -0.078705363 0.996024728 -0.041715249 0.115829401 0.072115868 0.047423992 0.996268213 -0.173877239
0.994326949 0.076791979 -0.073601179 0.092734545 -0.079562299 0.996198475 -0.035473388 0.116878726 0.070597336 0.041128047 0.996656537 -0.173187092
0.994571745 0.074522026 -0.072619528 0.094381742 -0.076813228 0.996615350 -0.029282441 0.117444687 0.070191562 0.034701649 0.996929646 -0.172691315
0.994920969 0.070974834 -0.071379781 0.095668882 -0.073075511 0.996953845 -0.027258867 0.117581084 0.069227658 0.032336522 0.997076690 -0.173803300
0.995151401 0.068911515 -0.070179395 0.096540980 -0.070891760 0.997141838 -0.026125722 0.117873117 0.068178460 0.030974185 0.997192264 -0.173621491
0.995328546 0.068854734 -0.067677744 0.096548013 -0.070727058 0.997165442 -0.025667520 0.118362136 0.065718576 0.030334255 0.997377038 -0.173418388
0.995446503 0.068515860 -0.066273004 0.096986860 -0.070364051 0.997183383 -0.025965068 0.119084999 0.064307325 0.030510068 0.997463644 -0.173320815
0.995445549 0.070118941 -0.064587601 0.097214609 -0.071942061 0.997060597 -0.026344888 0.119595654 0.062550493 0.030871471 0.997564256 -0.173380479
0.995235443 0.077795155 -0.058774386 0.096196033 -0.079496354 0.996464431 -0.027179763 0.121153057 0.056452136 0.031722624 0.997901201 -0.171288908
0.995105863 0.081196874 -0.056315988 0.094995223 -0.082808346 0.996202588 -0.026893893 0.119694076 0.053918440 0.031425707 0.998050690 -0.170355111
0.995009661 0.083666153 -0.054367904 0.094353303 -0.085190259 0.996016383 -0.026344491 0.119616479 0.051947191 0.030844638 0.998173356 -0.169409096
0.994825423 0.087605394 -0.051456727 0.093223847 -0.088810727 0.995813787 -0.021620253 0.118889123 0.049347281 0.026078284 0.998441219 -0.168807253
0.995100319 0.086283959 -0.048274014 0.094436802 -0.087331235 0.995978057 -0.020019429 0.120622434 0.046352513 0.024137171 0.998633444 -0.167211816
0.995295286 0.084896721 -0.046687502 0.094274625 -0.085882291 0.996113956 -0.019522460 0.120106913 0.044848684 0.023440246 0.998718739 -0.168216154
0.995369911 0.084558591 -0.045700047 0.094659984 -0.085578248 0.996113539 -0.020832997 0.120262422 0.043760836 0.024647472 0.998737931 -0.166356400
0.995467067 0.084848888 -0.042964220 0.093659356 -0.085846186 0.996067107 -0.021922546 0.120301552 0.040935155 0.025511494 0.998836040 -0.165838569
0.995587289 0.084168911 -0.041492183 0.094047770 -0.085137583 0.996122718 -0.022156924 0.119674563 0.039466396 0.025591699 0.998893082 -0.164811745
0.995656967 0.084349453 -0.039399214 0.093285151 -0.085284598 0.996098161 -0.022688383 0.118879147 0.037331745 0.025950000 0.998965859 -0.164346248
0.995746732 0.083480582 -0.038979523 0.094731726 -0.084422536 0.996160328 -0.023177093 0.118434966 0.036895033 0.026369268 0.998971164 -0.163602322
0.995922089 0.082023039 -0.037567906 0.094969660 -0.082932092 0.996282399 -0.023312790 0.117372222 0.035516061 0.026333321 0.999022067 -0.162945703
0.996148288 0.079812229 -0.036312070 0.094832435 -0.080739670 0.996425748 -0.024832947 0.116586678 0.034200318 0.027669122 0.999031901 -0.162018046
0.996260107 0.078848459 -0.035339754 0.095375732 -0.079788119 0.996472239 -0.026016980 0.115977116 0.033163689 0.028739374 0.999036610 -0.161062136
0.996363103 0.078065097 -0.034154963 0.095350273 -0.079005010 0.996506035 -0.027093466 0.115933351 0.031920567 0.029693358 0.999049187 -0.161278576
0.996390641 0.078492433 -0.032323573 0.094845258 -0.079384968 0.996469498 -0.027322218 0.114491880 0.030064868 0.029789615 0.999103844 -0.161219388
0.996380448 0.078821041 -0.031833842 0.094953872 -0.079744376 0.996397555 -0.028858436 0.113657400 0.029444505 0.031292561 0.999076426 -0.159712374
0.996320069 0.080364183 -0.029792413 0.093721114 -0.081195280 0.996309757 -0.027821746 0.110620372 0.027446590 0.030138366 0.999168754 -0.158772975
0.996296763 0.081562825 -0.027201451 0.091849416 -0.082327023 0.996204376 -0.028267803 0.109010279 0.024792591 0.030402536 0.999230087 -0.159101620
0.996331275 0.081362255 -0.026531102 0.092109695 -0.082158960 0.996153414 -0.030467041 0.108556457 0.023950174 0.032535028 0.999183416 -0.157682553
0.996343195 0.081414498 -0.025916632 0.091961451 -0.082218803 0.996111631 -0.031650152 0.107213162 0.023239069 0.033665240 0.999162793 -0.157647520
0.996504068 0.079870775 -0.024498368 0.091343910 -0.080649465 0.996207833 -0.032642208 0.105878823 0.021798298 0.034503862 0.999166727 -0.157045335
0.996547997 0.079434566 -0.024127139 0.091300927 -0.080217496 0.996216595 -0.033430781 0.105094813 0.021380289 0.035250787 0.999149680 -0.156855509
0.996566772 0.079089589 -0.024479277 0.091509447 -0.079914674 0.996194184 -0.034795824 0.104585931 0.021634119 0.036632601 0.999094427 -0.156678185
0.996459007 0.080407165 -0.024577226 0.091608480 -0.081308588 0.995957017 -0.038191281 0.102963388 0.021406999 0.040054370 0.998967946 -0.155332163
0.996246815 0.082861982 -0.025019107 0.092088073 -0.083825454 0.995665491 -0.040292032 0.103097320 0.021571975 0.042238034 0.998874545 -0.153861165
0.996220350 0.083413206 -0.024230862 0.091872647 -0.084356129 0.995595098 -0.040921055 0.102498770 0.020710763 0.042810399 0.998868406 -0.155193344
0.996234953 0.083178163 -0.024437742 0.092215300 -0.084159084 0.995553792 -0.042309474 0.102379471 0.020809866 0.044206835 0.998805523 -0.155051753
0.996282041 0.082696944 -0.024152737 0.092747256 -0.083701409 0.995516598 -0.044056021 0.102270417 0.020401156 0.045913834 0.998736978 -0.155318707
0.996325195 0.082140319 -0.024264522 0.093268789 -0.083169080 0.995520413 -0.044968706 0.101924218 0.020462088 0.046821516 0.998693526 -0.155456975
0.996380568 0.081408054 -0.024462605 0.093799077 -0.082476787 0.995511174 -0.046425164 0.102550067 0.020573417 0.048274714 0.998622179 -0.155779004
0.996407866 0.081209049 -0.024009058 0.093992069 -0.082266696 0.995503724 -0.046953708 0.102130860 0.020088045 0.048760187 0.998608351 -0.155730411
0.996397316 0.081168674 -0.024572859 0.094707809 -0.082272068 0.995461345 -0.047834948 0.102533340 0.020578634 0.049684267 0.998552799 -0.155763492
0.996419787 0.080876857 -0.024624508 0.095643051 -0.081997879 0.995449245 -0.048551548 0.102989189 0.020585755 0.050396878 0.998516917 -0.155831099
0.996336639 0.082031369 -0.024169501 0.095608003 -0.083135985 0.995336294 -0.048931729 0.103512108 0.020042850 0.050761811 0.998509467 -0.155805528
0.996522367 0.079850614 -0.023809610 0.096270852 -0.080940038 0.995514989 -0.048977029 0.103735454 0.019791981 0.050733842 0.998515964 -0.156611085
0.996557355 0.079119474 -0.024762560 0.097950816 -0.080269024 0.995543182 -0.049506553 0.104070723 0.020735266 0.051323786 0.998466671 -0.156587362
0.996714056 0.077369444 -0.023975331 0.098397210 -0.078468204 0.995716751 -0.048898883 0.104080468 0.020089360 0.050619509 0.998515844 -0.157626554
0.997115135 0.071919709 -0.024265995 0.099820293 -0.073040143 0.996125937 -0.048973452 0.104302123 0.020649834 0.050604567 0.998505116 -0.157903045
0.997222841 0.070526913 -0.023924364 0.100433163 -0.071633518 0.996223032 -0.049073081 0.104602277 0.020373028 0.050650582 0.998508513 -0.159000456
0.997298539 0.069525115 -0.023702314 0.100955762 -0.070620783 0.996297002 -0.049038608 0.105376199 0.020205129 0.050580014 0.998515546 -0.159692958
0.997354567 0.068649992 -0.023894431 0.101839274 -0.069762111 0.996343434 -0.049325168 0.105374634 0.020420883 0.050861612 0.998496890 -0.160497189
0.997389495 0.068120420 -0.023947006 0.102610908 -0.069247842 0.996349990 -0.049914315 0.105511487 0.020459410 0.051442310 0.998466313 -0.162237585
0.997463942 0.067011118 -0.023981359 0.103278287 -0.068152711 0.996397913 -0.050461199 0.105985954 0.020513512 0.051967621 0.998438001 -0.162540168
0.997524142 0.066254370 -0.023575298 0.103646971 -0.067389369 0.996415138 -0.051141247 0.106621519 0.020102452 0.052603360 0.998413146 -0.163600162
0.997627318 0.064459279 -0.024176564 0.104719080 -0.065647908 0.996481538 -0.052102838 0.106814697 0.020732984 0.053566363 0.998348951 -0.164378285
0.997746944 0.062474631 -0.024448406 0.105951190 -0.063702986 0.996550500 -0.053186055 0.107277147 0.021041293 0.054623671 0.998285294 -0.165200561
0.997794509 0.061456230 -0.025079248 0.107221037 -0.062730215 0.996587813 -0.053643942 0.107387982 0.021696912 0.055098873 0.998245120 -0.166856617
0.997868717 0.060300879 -0.024933126 0.107967205 -0.061598625 0.996581554 -0.055050746 0.108355552 0.021528281 0.056469273 0.998172164 -0.167621583
0.997961283 0.058563076 -0.025366133 0.108838595 -0.059909053 0.996630192 -0.056026839 0.108951494 0.021999549 0.057432279 0.998107016 -0.168946549
0.998077512 0.056381833 -0.025735389 0.109952584 -0.057784203 0.996673942 -0.057461970 0.109778114 0.022409979 0.058838606 0.998015881 -0.169821084
0.998150766 0.054696020 -0.026518345 0.111344986 -0.056158353 0.996738374 -0.057955489 0.110210836 0.023261912 0.059337556 0.997966886 -0.171646968
0.998245597 0.052893903 -0.026606333 0.111948647 -0.054383229 0.996788919 -0.058774076 0.110669747 0.023412103 0.060117915 0.997916579 -0.172579885
0.998307884 0.051219303 -0.027527392 0.113306701 -0.052796464 0.996800959 -0.060001493 0.111789808 0.024366092 0.061353318 0.997818649 -0.173057064
0.998368382 0.049997307 -0.027578877 0.113185547 -0.051602967 0.996805429 -0.060959481 0.112438858 0.024442961 0.062283181 0.997759163 -0.173076108
0.998425663 0.050071105 -0.025281521 0.106164783 -0.051552020 0.996757030 -0.061789535 0.111415543 0.022105660 0.062995560 0.997768998 -0.170860037
0.998432696 0.049720000 -0.025693476 0.106280848 -0.051247120 0.996718347 -0.062660754 0.112678915 0.022493666 0.063879266 0.997704148 -0.171399817
0.998453200 0.049037915 -0.026201196 0.106471412 -0.050598815 0.996751070 -0.062667541 0.113135695 0.023042986 0.063896351 0.997690499 -0.171956852
0.998387814 0.050179813 -0.026531117 0.106075242 -0.051755257 0.996704042 -0.062470045 0.113390297 0.023308942 0.063742451 0.997694194 -0.172977895
0.998318076 0.050938167 -0.027683726 0.106195003 -0.052577224 0.996683300 -0.062115569 0.114120319 0.024427854 0.063466631 0.997684956 -0.172161579
0.998233378 0.051813982 -0.029078182 0.106457293 -0.053513259 0.996697903 -0.061071161 0.114698112 0.025817823 0.062519334 0.997709811 -0.172277942
0.998293340 0.050424356 -0.029458137 0.105820194 -0.052122243 0.996834397 -0.060036808 0.115266174 0.026337564 0.061469771 0.997761428 -0.172115728
0.998208165 0.051662363 -0.030189313 0.105323106 -0.053352661 0.996880412 -0.058162078 0.116428316 0.027090346 0.059668552 0.997850537 -0.171549216
0.998334289 0.048879612 -0.030649699 0.105227023 -0.050383970 0.997457445 -0.050398834 0.115167089 0.028108295 0.051859125 0.998258770 -0.171454445
0.998383820 0.047204155 -0.031647392 0.105155781 -0.048673213 0.997690439 -0.047378991 0.115499683 0.029337816 0.048842791 0.998375535 -0.170240492
0.998325169 0.048131488 -0.032098968 0.104485638 -0.049480222 0.997864604 -0.042638306 0.115995765 0.029978178 0.044155166 0.998574853 -0.169303864
0.998381853 0.046521150 -0.032704405 0.104311965 -0.047762603 0.998125613 -0.038262896 0.116595969 0.030863069 0.039763037 0.998732388 -0.167783067
0.998424768 0.045348030 -0.033041671 0.103587665 -0.046475779 0.998333693 -0.034202568 0.117010847 0.031435590 0.035684332 0.998868585 -0.167089671
0.998369098 0.046832584 -0.032645889 0.102074534 -0.047796559 0.998424113 -0.029401209 0.117113858 0.031217512 0.030913634 0.999034464 -0.166064948
0.998346984 0.047422379 -0.032472596 0.100876734 -0.048199929 0.998558819 -0.023595527 0.117217161 0.031306848 0.025121700 0.999194086 -0.164375737
0.998432636 0.044889946 -0.033424482 0.100797981 -0.045524836 0.998792171 -0.018482270 0.117035903 0.032554444 0.019974936 0.999270320 -0.161871374
0.998505354 0.042690229 -0.034124605 0.100490615 -0.043304365 0.998909295 -0.017464895 0.116937906 0.033341803 0.018916545 0.999265015 -0.159350812
0.998583019 0.040930409 -0.034008246 0.099311553 -0.041503575 0.999005079 -0.016322099 0.116264448 0.033306342 0.017710445 0.999288321 -0.158118919
0.998625576 0.040218856 -0.033604048 0.098230422 -0.040768754 0.999043047 -0.015842048 0.115385763 0.032934740 0.017190278 0.999309719 -0.155700624
0.998691857 0.038558386 -0.033581026 0.097223774 -0.039063040 0.999131501 -0.014503559 0.113867991 0.032992624 0.015796373 0.999330759 -0.153309360
0.998732567 0.038724348 -0.032147802 0.095425561 -0.039122339 0.999164164 -0.011844493 0.112695515 0.031662263 0.013087193 0.999412954 -0.149755940
0.998709559 0.040163845 -0.031080289 0.093766205 -0.040451221 0.999143839 -0.008673375 0.112042099 0.030705320 0.009919424 0.999479294 -0.145868346
0.998675048 0.041460451 -0.030481964 0.095038563 -0.041431475 0.999140084 0.001581973 0.111149050 0.030521339 -0.000316967 0.999534070 -0.147610918
0.998732567 0.040912800 -0.029313175 0.093491793 -0.040598985 0.999112546 0.011222173 0.109539732 0.029746287 -0.010017865 0.999507308 -0.143068582
0.998857617 0.037842479 -0.029175982 0.092719473 -0.037296578 0.999122977 0.019033374 0.106981553 0.029870655 -0.017923467 0.999393046 -0.137202159
0.998982728 0.036183219 -0.026911525 0.090608343 -0.035468012 0.999016881 0.026595224 0.105233587 0.027847365 -0.025613671 0.999283969 -0.131227568
0.999138534 0.033334959 -0.024717279 0.088631257 -0.032380532 0.998750687 0.038057648 0.102360435 0.025955053 -0.037224505 0.998969734 -0.124254361
0.999328196 0.028221749 -0.023381544 0.087949432 -0.027114591 0.998555720 0.046387088 0.100199066 0.024656894 -0.045721956 0.998649836 -0.117629990
0.999498904 0.027100256 -0.016354781 0.086089276 -0.026206395 0.998272240 0.052593734 0.098487914 0.017751824 -0.052138787 0.998481989 -0.108292326
0.999655008 0.024480522 -0.009516828 0.083525121 -0.023820762 0.997655511 0.064156108 0.094277799 0.011065095 -0.063907266 0.997894466 -0.100308776
0.999844790 0.017434517 -0.002538481 0.082072034 -0.017205127 0.997228801 0.072377920 0.090958610 0.003793327 -0.072323009 0.997373998 -0.090718709
0.999948800 0.008923026 0.004765655 0.084512644 -0.009251586 0.997210145 0.074068993 0.092132844 -0.004091443 -0.074109279 0.997241735 -0.095520854
0.999885023 0.006135892 0.013866871 0.082023181 -0.007240708 0.996681094 0.081082106 0.086291321 -0.013323337 -0.081173189 0.996610940 -0.086774193
0.999806762 -0.003761470 0.019292140 0.081775069 0.002067699 0.996199548 0.087075487 0.083784036 -0.019546360 -0.087018780 0.996014893 -0.079973564
0.999594510 -0.010522960 0.026457708 0.079721451 0.008083029 0.995846272 0.090691715 0.077636816 -0.027302161 -0.090441100 0.995527506 -0.068581089
0.999377608 -0.017928278 0.030380886 0.077625394 0.015048522 0.995598972 0.092499644 0.070441693 -0.031905547 -0.091984898 0.995249152 -0.058321934
0.999180913 -0.015513254 0.037371982 0.075681023 0.011701970 0.994906187 0.100124426 0.068228602 -0.038734868 -0.099605121 0.994272768 -0.052207053
0.999063849 -0.009803366 0.042135492 0.071467340 0.003870118 0.990333855 0.138650730 0.056542009 -0.043087445 -0.138357863 0.989444554 -0.040211923
0.998629689 -0.030361392 0.042625364 0.068466581 0.022856008 0.985749245 0.166661978 0.047813147 -0.047078002 -0.165459350 0.985092342 -0.027750144
0.998245001 -0.040234808 0.043452155 0.064571530 0.032500885 0.985596359 0.165962666 0.039963234 -0.049503751 -0.164259166 0.985174239 -0.017634038
0.997245431 -0.065760657 0.034308780 0.070387565 0.060369931 0.988358021 0.139656618 0.040869355 -0.043093268 -0.137200698 0.989605367 0.001151297
0.998617828 -0.034193389 0.039917182 0.061098307 0.031102333 0.996649563 0.075644314 0.038408753 -0.042369977 -0.074298225 0.996335566 -0.003397378
0.998485148 -0.032004241 0.044755694 0.050238352 0.028365932 0.996415913 0.079690151 0.013230771 -0.047145702 -0.078299887 0.995814443 0.008073895
0.998726487 -0.020764247 0.045980092 0.053641699 0.017462783 0.997318268 0.071074605 0.026264507 -0.047332607 -0.070181139 0.996410668 0.010046968
0.999624372 0.004961602 0.026953455 0.049977526 -0.007793560 0.994335353 0.106002606 0.018778553 -0.026274847 -0.106172845 0.994000435 0.000997514
0.999960184 -0.005709674 -0.006865967 0.044632934 0.006619262 0.990025282 0.140734226 0.008710821 0.005993910 -0.140774027 0.990023553 0.016259996
0.999381244 -0.010113162 -0.033688921 0.035377555 0.014983509 0.988931298 0.147615775 0.002176225 0.031823169 -0.148029208 0.988470733 0.021661950
0.998850346 0.001626948 -0.047912233 0.027547356 0.005380129 0.989305913 0.145755902 0.000382268 0.047636993 -0.145846099 0.988159597 0.033067353
0.997745931 0.023625439 -0.062807478 0.014161430 -0.013375647 0.987210095 0.158862770 -0.000709178 0.065757371 -0.157664582 0.985300720 0.046277504
0.995209396 0.048293132 -0.085005686 0.003821517 -0.031874571 0.982248306 0.184857816 0.000516958 0.092424035 -0.181262687 0.979081929 0.062840246
0.989071608 0.081911713 -0.122587308 -0.016825415 -0.047534436 0.964230657 0.260767698 -0.007350553 0.139562339 -0.252090782 0.957586765 0.101460859
0.991635621 0.083209075 -0.098665811 -0.033507280 -0.054186996 0.962208569 0.266867757 0.004362309 0.117142916 -0.259289205 0.958669245 0.110789008
0.991215527 0.089559689 -0.097318485 -0.040701043 -0.060706541 0.961828768 0.266833454 0.002706429 0.117501236 -0.258581638 0.958816528 0.121164240
0.994449854 0.069525607 -0.078965977 -0.051716141 -0.046836536 0.964616001 0.259465307 0.019178113 0.094211332 -0.254326791 0.962518632 0.149061516
0.994449854 0.069525607 -0.078965977 -0.051716141 -0.046836536 0.964616001 0.259465307 0.019178113 0.094211332 -0.254326791 0.962518632 0.149061516
0.994449854 0.069525607 -0.078965977 -0.051716141 -0.046836536 0.964616001 0.259465307 0.019178113 0.094211332 -0.254326791 0.962518632 0.149061516
0.994449854 0.069525607 -0.078965977 -0.051716141 -0.046836536 0.964616001 0.259465307 0.019178113 0.094211332 -0.254326791 0.962518632 0.149061516
0.994449854 0.069525607 -0.078965977 -0.051716141 -0.046836536 0.964616001 0.259465307 0.019178113 0.094211332 -0.254326791 0.962518632 0.149061516
0.994449854 0.069525607 -0.078965977 -0.051716141 -0.046836536 0.964616001 0.259465307 0.019178113 0.094211332 -0.254326791 0.962518632 0.149061516
0.994449854 0.069525607 -0.078965977 -0.051716141 -0.046836536 0.964616001 0.259465307 0.019178113 0.094211332 -0.254326791 0.962518632 0.149061516
0.994449854 0.069525607 -0.078965977 -0.051716141 -0.046836536 0.964616001 0.259465307 0.019178113 0.094211332 -0.254326791 0.962518632 0.149061516
0.994449854 0.069525607 -0.078965977 -0.051716141 -0.046836536 0.964616001 0.259465307 0.019178113 0.094211332 -0.254326791 0.962518632 0.149061516
0.994449854 0.069525607 -0.078965977 -0.051716141 -0.046836536 0.964616001 0.259465307 0.019178113 0.094211332 -0.254326791 0.962518632 0.149061516
0.994449854 0.069525607 -0.078965977 -0.051716141 -0.046836536 0.964616001 0.259465307 0.019178113 0.094211332 -0.254326791 0.962518632 0.149061516
0.994449854 0.069525607 -0.078965977 -0.051716141 -0.046836536 0.964616001 0.259465307 0.019178113 0.094211332 -0.254326791 0.962518632 0.149061516
0.994449854 0.069525607 -0.078965977 -0.051716141 -0.046836536 0.964616001 0.259465307 0.019178113 0.094211332 -0.254326791 0.962518632 0.149061516
0.994449854 0.069525607 -0.078965977 -0.051716141 -0.046836536 0.964616001 0.259465307 0.019178113 0.094211332 -0.254326791 0.962518632 0.149061516
0.994449854 0.069525607 -0.078965977 -0.051716141 -0.046836536 0.964616001 0.259465307 0.019178113 0.094211332 -0.254326791 0.962518632 0.149061516
0.994449854 0.069525607 -0.078965977 -0.051716141 -0.046836536 0.964616001 0.259465307 0.019178113 0.094211332 -0.254326791 0.962518632 0.149061516
0.994449854 0.069525607 -0.078965977 -0.051716141 -0.046836536 0.964616001 0.259465307 0.019178113 0.094211332 -0.254326791 0.962518632 0.149061516
0.994449854 0.069525607 -0.078965977 -0.051716141 -0.046836536 0.964616001 0.259465307 0.019178113 0.094211332 -0.254326791 0.962518632 0.149061516
0.994449854 0.069525607 -0.078965977 -0.051716141 -0.046836536 0.964616001 0.259465307 0.019178113 0.094211332 -0.254326791 0.962518632 0.149061516
0.994449854 0.069525607 -0.078965977 -0.051716141 -0.046836536 0.964616001 0.259465307 0.019178113 0.094211332 -0.254326791 0.962518632 0.149061516
0.994449854 0.069525607 -0.078965977 -0.051716141 -0.046836536 0.964616001 0.259465307 0.019178113 0.094211332 -0.254326791 0.962518632 0.149061516
0.994449854 0.069525607 -0.078965977 -0.051716141 -0.046836536 0.964616001 0.259465307 0.019178113 0.094211332 -0.254326791 0.962518632 0.149061516
0.994449854 0.069525607 -0.078965977 -0.051716141 -0.046836536 0.964616001 0.259465307 0.019178113 0.094211332 -0.254326791 0.962518632 0.149061516
0.994449854 0.069525607 -0.078965977 -0.051716141 -0.046836536 0.964616001 0.259465307 0.019178113 0.094211332 -0.254326791 0.962518632 0.149061516
0.994449854 0.069525607 -0.078965977 -0.051716141 -0.046836536 0.964616001 0.259465307 0.019178113 0.094211332 -0.254326791 0.962518632 0.149061516
0.994449854 0.069525607 -0.078965977 -0.051716141 -0.046836536 0.964616001 0.259465307 0.019178113 0.094211332 -0.254326791 0.962518632 0.149061516
0.994449854 0.069525607 -0.078965977 -0.051716141 -0.046836536 0.964616001 0.259465307 0.019178113 0.094211332 -0.254326791 0.962518632 0.149061516
0.994449854 0.069525607 -0.078965977 -0.051716141 -0.046836536 0.964616001 0.259465307 0.019178113 0.094211332 -0.254326791 0.962518632 0.149061516
0.994449854 0.069525607 -0.078965977 -0.051716141 -0.046836536 0.964616001 0.259465307 0.019178113 0.094211332 -0.254326791 0.962518632 0.149061516
0.994449854 0.069525607 -0.078965977 -0.051716141 -0.046836536 0.964616001 0.259465307 0.019178113 0.094211332 -0.254326791 0.962518632 0.149061516
0.994449854 0.069525607 -0.078965977 -0.051716141 -0.046836536 0.964616001 0.259465307 0.019178113 0.094211332 -0.254326791 0.962518632 0.149061516
0.994449854 0.069525607 -0.078965977 -0.051716141 -0.046836536 0.964616001 0.259465307 0.019178113 0.094211332 -0.254326791 0.962518632 0.149061516
0.994449854 0.069525607 -0.078965977 -0.051716141 -0.046836536 0.964616001 0.259465307 0.019178113 0.094211332 -0.254326791 0.962518632 0.149061516
0.994449854 0.069525607 -0.078965977 -0.051716141 -0.046836536 0.964616001 0.259465307 0.019178113 0.094211332 -0.254326791 0.962518632 0.149061516
0.994449854 0.069525607 -0.078965977 -0.051716141 -0.046836536 0.964616001 0.259465307 0.019178113 0.094211332 -0.254326791 0.962518632 0.149061516
0.994449854 0.069525607 -0.078965977 -0.051716141 -0.046836536 0.964616001 0.259465307 0.019178113 0.094211332 -0.254326791 0.962518632 0.149061516
0.994449854 0.069525607 -0.078965977 -0.051716141 -0.046836536 0.964616001 0.259465307 0.019178113 0.094211332 -0.254326791 0.962518632 0.149061516
0.994449854 0.069525607 -0.078965977 -0.051716141 -0.046836536 0.964616001 0.259465307 0.019178113 0.094211332 -0.254326791 0.962518632 0.149061516
0.994449854 0.069525607 -0.078965977 -0.051716141 -0.046836536 0.964616001 0.259465307 0.019178113 0.094211332 -0.254326791 0.962518632 0.149061516
0.994449854 0.069525607 -0.078965977 -0.051716141 -0.046836536 0.964616001 0.259465307 0.019178113 0.094211332 -0.254326791 0.962518632 0.149061516
0.994449854 0.069525607 -0.078965977 -0.051716141 -0.046836536 0.964616001 0.259465307 0.019178113 0.094211332 -0.254326791 0.962518632 0.149061516
0.994449854 0.069525607 -0.078965977 -0.051716141 -0.046836536 0.964616001 0.259465307 0.019178113 0.094211332 -0.254326791 0.962518632 0.149061516
0.994449854 0.069525607 -0.078965977 -0.051716141 -0.046836536 0.964616001 0.259465307 0.019178113 0.094211332 -0.254326791 0.962518632 0.149061516
0.994449854 0.069525607 -0.078965977 -0.051716141 -0.046836536 0.964616001 0.259465307 0.019178113 0.094211332 -0.254326791 0.962518632 0.149061516
0.994449854 0.069525607 -0.078965977 -0.051716141 -0.046836536 0.964616001 0.259465307 0.019178113 0.094211332 -0.254326791 0.962518632 0.149061516
0.994449854 0.069525607 -0.078965977 -0.051716141 -0.046836536 0.964616001 0.259465307 0.019178113 0.094211332 -0.254326791 0.962518632 0.149061516
0.994449854 0.069525607 -0.078965977 -0.051716141 -0.046836536 0.964616001 0.259465307 0.019178113 0.094211332 -0.254326791 0.962518632 0.149061516
0.994449854 0.069525607 -0.078965977 -0.051716141 -0.046836536 0.964616001 0.259465307 0.019178113 0.094211332 -0.254326791 0.962518632 0.149061516
0.994449854 0.069525607 -0.078965977 -0.051716141 -0.046836536 0.964616001 0.259465307 0.019178113 0.094211332 -0.254326791 0.962518632 0.149061516
0.994449854 0.069525607 -0.078965977 -0.051716141 -0.046836536 0.964616001 0.259465307 0.019178113 0.094211332 -0.254326791 0.962518632 0.149061516
0.994449854 0.069525607 -0.078965977 -0.051716141 -0.046836536 0.964616001 0.259465307 0.019178113 0.094211332 -0.254326791 0.962518632 0.149061516
0.994449854 0.069525607 -0.078965977 -0.051716141 -0.046836536 0.964616001 0.259465307 0.019178113 0.094211332 -0.254326791 0.962518632 0.149061516
0.994449854 0.069525607 -0.078965977 -0.051716141 -0.046836536 0.964616001 0.259465307 0.019178113 0.094211332 -0.254326791 0.962518632 0.149061516
0.994449854 0.069525607 -0.078965977 -0.051716141 -0.046836536 0.964616001 0.259465307 0.019178113 0.094211332 -0.254326791 0.962518632 0.149061516
0.994449854 0.069525607 -0.078965977 -0.051716141 -0.046836536 0.964616001 0.259465307 0.019178113 0.094211332 -0.254326791 0.962518632 0.149061516
0.994449854 0.069525607 -0.078965977 -0.051716141 -0.046836536 0.964616001 0.259465307 0.019178113 0.094211332 -0.254326791 0.962518632 0.149061516
0.994449854 0.069525607 -0.078965977 -0.051716141 -0.046836536 0.964616001 0.259465307 0.019178113 0.094211332 -0.254326791 0.962518632 0.149061516
0.994449854 0.069525607 -0.078965977 -0.051716141 -0.046836536 0.964616001 0.259465307 0.019178113 0.094211332 -0.254326791 0.962518632 0.149061516
0.994449854 0.069525607 -0.078965977 -0.051716141 -0.046836536 0.964616001 0.259465307 0.019178113 0.094211332 -0.254326791 0.962518632 0.149061516
0.994449854 0.069525607 -0.078965977 -0.051716141 -0.046836536 0.964616001 0.259465307 0.019178113 0.094211332 -0.254326791 0.962518632 0.149061516
0.994449854 0.069525607 -0.078965977 -0.051716141 -0.046836536 0.964616001 0.259465307 0.019178113 0.094211332 -0.254326791 0.962518632 0.149061516
0.994449854 0.069525607 -0.078965977 -0.051716141 -0.046836536 0.964616001 0.259465307 0.019178113 0.094211332 -0.254326791 0.962518632 0.149061516
0.994449854 0.069525607 -0.078965977 -0.051716141 -0.046836536 0.964616001 0.259465307 0.019178113 0.094211332 -0.254326791 0.962518632 0.149061516
0.994449854 0.069525607 -0.078965977 -0.051716141 -0.046836536 0.964616001 0.259465307 0.019178113 0.094211332 -0.254326791 0.962518632 0.149061516
0.994449854 0.069525607 -0.078965977 -0.051716141 -0.046836536 0.964616001 0.259465307 0.019178113 0.094211332 -0.254326791 0.962518632 0.149061516
0.994449854 0.069525607 -0.078965977 -0.051716141 -0.046836536 0.964616001 0.259465307 0.019178113 0.094211332 -0.254326791 0.962518632 0.149061516
0.994449854 0.069525607 -0.078965977 -0.051716141 -0.046836536 0.964616001 0.259465307 0.019178113 0.094211332 -0.254326791 0.962518632 0.149061516
0.994449854 0.069525607 -0.078965977 -0.051716141 -0.046836536 0.964616001 0.259465307 0.019178113 0.094211332 -0.254326791 0.962518632 0.149061516
0.994449854 0.069525607 -0.078965977 -0.051716141 -0.046836536 0.964616001 0.259465307 0.019178113 0.094211332 -0.254326791 0.962518632 0.149061516
0.994449854 0.069525607 -0.078965977 -0.051716141 -0.046836536 0.964616001 0.259465307 0.019178113 0.094211332 -0.254326791 0.962518632 0.149061516
0.994449854 0.069525607 -0.078965977 -0.051716141 -0.046836536 0.964616001 0.259465307 0.019178113 0.094211332 -0.254326791 0.962518632 0.149061516
0.994449854 0.069525607 -0.078965977 -0.051716141 -0.046836536 0.964616001 0.259465307 0.019178113 0.094211332 -0.254326791 0.962518632 0.149061516
0.994449854 0.069525607 -0.078965977 -0.051716141 -0.046836536 0.964616001 0.259465307 0.019178113 0.094211332 -0.254326791 0.962518632 0.149061516
0.994449854 0.069525607 -0.078965977 -0.051716141 -0.046836536 0.964616001 0.259465307 0.019178113 0.094211332 -0.254326791 0.962518632 0.149061516
0.994449854 0.069525607 -0.078965977 -0.051716141 -0.046836536 0.964616001 0.259465307 0.019178113 0.094211332 -0.254326791 0.962518632 0.149061516
0.994449854 0.069525607 -0.078965977 -0.051716141 -0.046836536 0.964616001 0.259465307 0.019178113 0.094211332 -0.254326791 0.962518632 0.149061516
0.994449854 0.069525607 -0.078965977 -0.051716141 -0.046836536 0.964616001 0.259465307 0.019178113 0.094211332 -0.254326791 0.962518632 0.149061516
