0.999644399 -0.025849961 0.006547477 0.023684280 0.026028272 0.999246418 -0.028795077 0.012979243 -0.005798190 0.028955253 0.999563873 -0.069633052
0.999647021 -0.026458113 0.002408217 0.023764299 0.026516147 0.999240458 -0.028558418 0.012703094 -0.001650786 0.028612198 0.999589205 -0.078175530
0.999662042 -0.025129449 -0.006656209 0.027927306 0.024918135 0.999235451 -0.030126061 0.016167562 0.007408173 0.029950021 0.999523938 -0.083180442
0.999623239 -0.025262376 -0.010733052 0.028565554 0.024923697 0.999220967 -0.030596137 0.018102942 0.011497622 0.030317100 0.999474227 -0.091662996
0.999575615 -0.025370056 -0.014311339 0.028348800 0.024924550 0.999224186 -0.030493276 0.019057464 0.015073851 0.030123631 0.999432504 -0.098049745
0.999527693 -0.023859369 -0.019366728 0.028223077 0.023277823 0.999287367 -0.029717509 0.020612385 0.020061970 0.029252663 0.999370694 -0.102385044
0.999607503 -0.020314077 -0.019289386 0.023472052 0.019762149 0.999401689 -0.028385093 0.023102583 0.019854460 0.027992753 0.999410927 -0.104382269
0.999681056 -0.017733911 -0.017978990 0.017921003 0.017259317 0.999507189 -0.026217347 0.026801025 0.018435065 0.025898682 0.999494553 -0.107076935
0.999565065 -0.017037118 -0.024070309 0.020115418 0.016555853 0.999661803 -0.020053921 0.026104562 0.024403831 0.019646695 0.999509096 -0.111040488
0.999445736 -0.018072583 -0.027955232 0.020752376 0.017561834 0.999676287 -0.018409107 0.027867284 0.028278882 0.017907962 0.999439716 -0.111609198
0.999529004 -0.015861465 -0.026271695 0.016240744 0.015398193 0.999723971 -0.017743219 0.030195566 0.026545884 0.017330326 0.999497294 -0.113556214
0.999504983 -0.014468458 -0.027937228 0.015408996 0.014013105 0.999766827 -0.016426669 0.029838623 0.028168384 0.016027052 0.999474704 -0.115904950
0.999520779 -0.011938212 -0.028561905 0.013118006 0.011487657 0.999807775 -0.015887134 0.029538555 0.028746082 0.015551411 0.999465704 -0.116931736
0.999488354 -0.008728683 -0.030770427 0.012213492 0.008202155 0.999818444 -0.017196424 0.030971572 0.030914936 0.016935240 0.999378562 -0.117063873
0.999481320 -0.006763559 -0.031483833 0.009659870 0.006222083 0.999831617 -0.017264845 0.030151900 0.031595301 0.017059999 0.999355137 -0.118191846
0.999446571 -0.004387677 -0.032972589 0.008025668 0.003786312 0.999825776 -0.018278698 0.030145064 0.033047047 0.018143736 0.999289155 -0.119527981
0.999453843 -0.003663138 -0.032842770 0.004351046 0.002995078 0.999788225 -0.020367322 0.031251822 0.032910425 0.020257834 0.999252975 -0.120401099
0.999414742 -0.002784790 -0.034095753 0.002532501 0.002056420 0.999769390 -0.021378942 0.030637819 0.034147423 0.021296317 0.999189913 -0.120474800
0.999303460 -0.002430625 -0.037237611 0.002056329 0.001645272 0.999775887 -0.021106448 0.025287915 0.037280571 0.021030478 0.999083459 -0.112926662
0.999252439 -0.000233213 -0.038658954 -0.000061854 -0.000664520 0.999730527 -0.023207385 0.024823731 0.038653944 0.023215724 0.998982906 -0.112241976
0.999234259 0.002688185 -0.039032143 -0.003413464 -0.003756762 0.999619424 -0.027329365 0.029349929 0.038943823 0.027455075 0.998864174 -0.121102050
0.998864353 -0.003110032 -0.047543377 -0.000299409 0.001505166 0.999429047 -0.033754431 0.023645092 0.047621209 0.033644538 0.998298705 -0.112462856
0.998892725 0.001776700 -0.047011629 -0.004627962 -0.003646633 0.999204159 -0.039720148 0.022927890 0.046903644 0.039847605 0.998104393 -0.111695670
0.998753369 0.001299454 -0.049899347 -0.008182579 -0.003475118 0.999045730 -0.043539081 0.020728884 0.049795151 0.043658212 0.997804761 -0.118164234
0.998455107 -0.001297929 -0.055550002 -0.006569928 -0.001803074 0.998443902 -0.055737112 0.020288205 0.055535898 0.055751167 0.996898890 -0.116335995
0.998377740 -0.000525430 -0.056934182 -0.009476167 -0.003529803 0.997462749 -0.071102716 0.018505402 0.056827080 0.071188368 0.995842695 -0.118914135
0.998211920 0.001637401 -0.059750769 -0.011851793 -0.006794451 0.996253908 -0.086208753 0.016335644 0.059385777 0.086460583 0.994483650 -0.122215733
0.997795045 0.003280035 -0.066288635 -0.013619433 -0.010120153 0.994617879 -0.103116609 0.015402096 0.065593638 0.103560090 0.992457926 -0.123255670
0.997282863 0.002807558 -0.073614553 -0.015605103 -0.011844069 0.992384493 -0.122607678 0.014795881 0.072709724 0.123146437 0.989721298 -0.123452395
0.997010231 0.010980506 -0.076486565 -0.021603482 -0.021411709 0.990349591 -0.136928037 0.011882226 0.074244909 0.138156325 0.987623692 -0.123045847
0.996698439 0.015261241 -0.079745665 -0.027136091 -0.026226642 0.990039527 -0.138324961 0.005845486 0.076840363 0.139959753 0.987171113 -0.123543158
0.996544540 0.021500820 -0.080229007 -0.031936869 -0.032836277 0.989211679 -0.142765656 0.006085179 0.076293893 0.144906759 0.986499488 -0.116246477
0.996578872 0.021550370 -0.079786763 -0.034699257 -0.032935694 0.988991797 -0.144257963 0.003848413 0.075799637 0.146392331 0.986318171 -0.113808818
0.996679068 0.019806989 -0.078983366 -0.035307754 -0.031197058 0.988837242 -0.145696059 0.001893116 0.075215898 0.147676259 0.986171484 -0.109059282
0.996798754 0.017657712 -0.077976711 -0.035136923 -0.028986156 0.988766015 -0.146633834 0.000707277 0.074511506 0.148424655 0.986112654 -0.103977650
0.997372508 0.018192643 -0.070121132 -0.039113075 -0.027300632 0.990979135 -0.131206870 -0.002481828 0.067101575 0.132776469 0.988871932 -0.098693490
0.997346997 0.010862520 -0.071977913 -0.035025198 -0.019516451 0.992504179 -0.120642237 -0.003863333 0.070127890 0.121726938 0.990083158 -0.093261376
0.997294366 0.008204117 -0.073052071 -0.034090031 -0.016347086 0.993621051 -0.111579038 -0.004387272 0.071670659 0.112471320 0.991066873 -0.087335080
0.997147977 0.006090532 -0.075225353 -0.032039955 -0.014195040 0.994084477 -0.107677251 -0.004495910 0.074124545 0.108437955 0.991335869 -0.083519451
0.997004747 0.004986733 -0.077179186 -0.031019032 -0.013207817 0.994237959 -0.106379256 -0.004622742 0.076203987 0.107079983 0.991325796 -0.082855605
0.996951640 0.004686463 -0.077881373 -0.031220682 -0.012945702 0.994294047 -0.105885558 -0.004730571 0.076940767 0.106570981 0.991323769 -0.081083380
0.996937454 0.005342111 -0.078020908 -0.032063685 -0.013455571 0.994503081 -0.103839017 -0.007019880 0.077037320 0.104570813 0.991529286 -0.081420586
0.996849895 0.004086023 -0.079205468 -0.031115176 -0.012290294 0.994566679 -0.103373609 -0.004617571 0.078352727 0.104021423 0.991484046 -0.078741878
0.996819913 0.003036526 -0.079630964 -0.030324958 -0.011252575 0.994624794 -0.102932125 -0.004961695 0.078890368 0.103500821 0.991495848 -0.078164458
0.996756077 0.000170473 -0.080481783 -0.028006470 -0.008593237 0.994506776 -0.104319535 -0.004682295 0.080021873 0.104672737 0.991282105 -0.077475585
0.996511519 -0.000186922 -0.083455049 -0.014891475 -0.009112477 0.993774712 -0.111035191 0.002204642 0.082956269 0.111408331 0.990306258 -0.069504522
0.996961892 -0.001269835 -0.077880047 -0.014316713 -0.007655349 0.993428826 -0.114195891 0.002806871 0.077513278 0.114445172 0.990400970 -0.068073459
0.998248696 -0.005576733 -0.058894079 -0.030801293 -0.000978156 0.993854642 -0.110688634 -0.007975748 0.059149425 0.110552393 0.992108703 -0.068070024
0.998580217 -0.008653270 -0.052562870 -0.026292242 0.002718192 0.993709922 -0.111951776 -0.010259556 0.053200990 0.111649945 0.992322505 -0.068005443
0.998940468 -0.010416935 -0.044827405 -0.026817856 0.005192948 0.993339121 -0.115110502 -0.011320429 0.045727909 0.114755757 0.992340684 -0.065491311
0.999311805 -0.010370377 -0.035612430 -0.026292190 0.006112378 0.993035793 -0.117655076 -0.011936253 0.036584537 0.117356457 0.992415786 -0.061923787
0.999665141 -0.010035249 -0.023852685 -0.028941127 0.007149213 0.992971480 -0.118137553 -0.016037285 0.024870580 0.117927469 0.992710590 -0.057384290
0.999922931 -0.008523059 -0.009036337 -0.029994439 0.007360674 0.992543936 -0.121664859 -0.015698947 0.010005922 0.121588983 0.992529988 -0.050992735
0.999961257 -0.008690902 -0.001377469 -0.024758698 0.008459892 0.992591560 -0.121203572 -0.020099346 0.002420631 0.121187210 0.992626727 -0.051924143
0.999944568 -0.009403825 0.004725332 -0.023261374 0.009913109 0.992378354 -0.122828580 -0.022723949 -0.003534259 0.122868598 0.992416680 -0.050336782
0.999904871 -0.010432817 0.009016773 -0.021679988 0.011463135 0.992339253 -0.123009883 -0.026705949 -0.007664357 0.123101540 0.992364466 -0.047414575
0.999854147 -0.011295675 0.012807304 -0.020196907 0.012804355 0.992124557 -0.124598406 -0.028061423 -0.011299019 0.124744192 0.992124557 -0.044576973
0.999838173 -0.012357945 0.013084002 -0.017353695 0.013897597 0.992059112 -0.125002623 -0.031061100 -0.011435328 0.125164226 0.992070079 -0.042142384
0.999821544 -0.013284916 0.013442079 -0.016772071 0.014856611 0.992104709 -0.124528863 -0.033836525 -0.011681595 0.124706313 0.992124856 -0.038976841
0.999802411 -0.015295275 0.012708518 -0.014910836 0.016760858 0.992063820 -0.124613516 -0.034257915 -0.010701662 0.124801874 0.992124021 -0.033149809
0.999789357 -0.015140367 0.013864481 -0.015766393 0.016689930 0.992695451 -0.119488001 -0.036248796 -0.011954112 0.119694211 0.992738903 -0.028376061
0.999741912 -0.018234082 0.013547369 -0.013906141 0.019668140 0.993215680 -0.114611953 -0.038298003 -0.011365617 0.114848837 0.993317962 -0.022644296
0.999617636 -0.014824803 0.023337033 -0.016639421 0.017341547 0.993599057 -0.111625567 -0.037276477 -0.021532828 0.111987583 0.993476272 -0.012191124
0.999581039 -0.013844980 0.025417218 -0.013226369 0.016339205 0.994782388 -0.100704208 -0.041143201 -0.023890346 0.101077333 0.994591653 -0.013167700
0.999515772 -0.015392886 0.027043192 -0.010272955 0.017996855 0.994939864 -0.098847233 -0.040840361 -0.025384802 0.099286057 0.994735062 -0.008337518
0.999486685 -0.015556185 0.028007988 -0.008085518 0.018241832 0.994985700 -0.098339319 -0.042465732 -0.026337763 0.098799758 0.994758725 -0.007960338
0.999476135 -0.014301908 0.029033873 -0.008552720 0.017113188 0.994939208 -0.099011727 -0.043808661 -0.027470883 0.099456728 0.994662523 -0.009290094
0.999454916 -0.011544581 0.030934332 -0.010356869 0.014534028 0.995057881 -0.098226488 -0.045445420 -0.029647475 0.098622523 0.994683087 -0.007770233
0.999450147 -0.009014630 0.031906817 -0.010754840 0.012077762 0.995196402 -0.097151533 -0.045557719 -0.030877756 0.097483456 0.994758248 -0.009067568
0.999490559 -0.005469610 0.031441726 -0.011253893 0.008338640 0.995737493 -0.091855571 -0.045936752 -0.030805286 0.092070952 0.995275915 -0.010887116
0.999628127 -0.003613894 0.027029131 -0.007746204 0.005848475 0.996527612 -0.083056822 -0.044798449 -0.026635112 0.083184041 0.996178091 -0.010401811
0.999941468 -0.008346184 0.006877216 0.008511091 0.008811684 0.997458935 -0.070696153 -0.051361863 -0.006269695 0.070752628 0.997474134 -0.025157567
0.999876440 -0.009693513 -0.012372324 0.003633460 0.008748080 0.997197032 -0.074306846 -0.044308875 0.013057940 0.074189410 0.997158587 -0.024563028
0.999882281 -0.006632918 -0.013836015 -0.001484403 0.005524079 0.996883452 -0.078694873 -0.038090482 0.014314869 0.078609169 0.996802688 -0.019115066
0.999920189 -0.002496948 -0.012386553 -0.005126809 0.001496486 0.996783078 -0.080131352 -0.036752686 0.012546791 0.080106422 0.996707439 -0.026109572
0.999893725 0.000772035 -0.014567313 -0.005644460 -0.001952893 0.996693969 -0.081223324 -0.035889409 0.014456446 0.081243135 0.996589422 -0.032066301
0.999498844 0.014210359 -0.028285794 0.000558793 -0.016668370 0.995923102 -0.088651761 -0.025822069 0.026910705 0.089078821 0.995660901 -0.052746203
0.999378324 0.026117366 -0.023682546 -0.010911628 -0.028342465 0.994675398 -0.099083044 -0.016350858 0.020968659 0.099692665 0.994797289 -0.042481165
0.999538243 0.024043733 -0.018577864 -0.016700853 -0.025606399 0.995698392 -0.089045011 -0.031684082 0.016356973 0.089479603 0.995854318 -0.046731535
0.999445975 0.029247032 -0.015882473 -0.015788589 -0.030594351 0.995239913 -0.092528611 -0.028189210 0.013100679 0.092963286 0.995583296 -0.052037582
0.999579191 0.018788917 -0.022100614 -0.005195521 -0.021077555 0.993889451 -0.108349115 -0.024505265 0.019929804 0.108769365 0.993867159 -0.058789350
0.999563932 0.019587629 -0.022096913 -0.005491335 -0.022113692 0.992458999 -0.120565966 -0.027438486 0.019568676 0.121002033 0.992459297 -0.064509198
0.999315917 0.032819707 -0.017044691 -0.013397509 -0.034708206 0.991436362 -0.125893757 -0.030668298 0.012766932 0.126399219 0.991897285 -0.073149212
0.999073625 0.040779516 -0.013743449 -0.018435797 -0.042221263 0.990634620 -0.129848182 -0.031836286 0.008319586 0.130308166 0.991438687 -0.074588977
0.998822033 0.047044218 -0.011886653 -0.020200351 -0.048190217 0.990380704 -0.129706696 -0.036753520 0.005670362 0.130126715 0.991481125 -0.076618209
0.997648716 0.068334587 0.005249498 -0.038109813 -0.067598917 0.993740499 -0.088938884 -0.050294470 -0.011294243 0.088374898 0.996023178 -0.082146369
0.997667074 0.068244793 0.001746716 -0.028986650 -0.067967124 0.995353580 -0.068203449 -0.049375843 -0.006393132 0.067925610 0.997669876 -0.083850585
0.997469366 0.071008913 0.003564495 -0.026562108 -0.070644140 0.995508730 -0.063022852 -0.049696993 -0.008023668 0.062611535 0.998005688 -0.083310366
0.996895969 0.078592964 0.004654759 -0.027152188 -0.078172773 0.995126069 -0.060110159 -0.054507736 -0.009356308 0.059559692 0.998180807 -0.088787176
0.996049404 0.088606127 0.005895189 -0.029448826 -0.088105462 0.994354784 -0.059126403 -0.057663113 -0.011100870 0.058373414 0.998233080 -0.097586237
0.995234489 0.097390145 0.004839432 -0.028217014 -0.096917994 0.993432164 -0.060823347 -0.058009300 -0.010731241 0.060064465 0.998136759 -0.102324799
0.995879173 0.090559080 -0.004872736 -0.017700063 -0.090664685 0.992891192 -0.077116556 -0.064206064 -0.002145507 0.077240556 0.997010112 -0.112110391
0.995983899 0.088464238 -0.013783207 -0.009589758 -0.089372084 0.991542041 -0.094111867 -0.081680477 0.005341095 0.094965748 0.995466113 -0.110650383
0.994048417 0.107773945 -0.015885653 -0.012382627 -0.108879365 0.987690210 -0.112308979 -0.082503088 0.003586122 0.113370202 0.993546307 -0.112484597
0.989965141 0.140140608 -0.018160410 -0.012856029 -0.141259417 0.977869749 -0.154325977 -0.030495781 -0.003868819 0.155342609 0.987853050 -0.094951592
0.989726305 0.141834527 -0.018028919 -0.012873020 -0.142898589 0.977152646 -0.157330036 -0.029534146 -0.004697827 0.158289954 0.987381458 -0.099960871
0.989779234 0.139323190 -0.030430513 0.002319050 -0.142403260 0.977018833 -0.158605441 -0.027926721 0.007633768 0.161317751 0.986873031 -0.095139444
0.989601076 0.136844859 -0.044308778 0.015336900 -0.142266601 0.976614118 -0.161199346 -0.023761015 0.021213278 0.165826634 0.985926807 -0.083871543
0.989035368 0.137869149 -0.052926704 0.018832492 -0.144840136 0.975521088 -0.165468708 -0.016446617 0.028818090 0.171320304 0.984793842 -0.087659143
0.988547146 0.138207972 -0.060608666 0.022488274 -0.146589771 0.974827945 -0.167994335 -0.013572715 0.035864871 0.174954906 0.983923018 -0.082588091
0.987354100 0.144587412 -0.065012537 0.024687529 -0.153714001 0.973472774 -0.169477716 -0.013181161 0.038783591 0.177327782 0.983387351 -0.078156263
0.985914052 0.152295113 -0.069136873 0.023808882 -0.162004411 0.972310960 -0.168422312 -0.014989311 0.041572634 0.177250326 0.983287394 -0.077941000
0.984527171 0.159231603 -0.073156342 0.025205830 -0.169505596 0.971247733 -0.167169720 -0.017054863 0.044434231 0.176983446 0.983210266 -0.077650927
0.982721984 0.167977795 -0.077725112 0.026270323 -0.178945333 0.969564021 -0.167105749 -0.017507650 0.047289412 0.178126946 0.982870638 -0.073631302
0.980883956 0.176730528 -0.081445254 0.027571697 -0.188289031 0.967652678 -0.167915672 -0.016597558 0.049134895 0.180040926 0.982431114 -0.072873905
0.979424119 0.179409698 -0.092416696 0.034714401 -0.192913413 0.966789424 -0.167639345 -0.016588099 0.059271339 0.182018355 0.981507123 -0.070190184
0.977908373 0.183012068 -0.101005025 0.038015146 -0.198219150 0.965284109 -0.170105517 -0.013012685 0.066367157 0.186368659 0.980235815 -0.062909894
0.977747381 0.179511309 -0.108563133 0.044917006 -0.196648523 0.964504838 -0.176238880 -0.008570542 0.073072739 0.193665832 0.978342533 -0.059649576
0.976779997 0.181482971 -0.113863140 0.047991730 -0.200547099 0.961495280 -0.187904671 -0.005700450 0.075377315 0.206376418 0.975565076 -0.056841884
0.975531638 0.187155917 -0.115373336 0.047084518 -0.206917420 0.958925247 -0.194030449 -0.007985128 0.074320443 0.213155553 0.974187493 -0.056848541
0.974510372 0.192721888 -0.114839487 0.045324918 -0.212512657 0.957041144 -0.197258204 -0.007433328 0.071890146 0.216634974 0.973602116 -0.057818171
0.973522663 0.197159454 -0.115680940 0.046616949 -0.217328250 0.955181062 -0.200992286 -0.005163928 0.070868701 0.220811203 0.972738445 -0.055730298
0.973068297 0.197632164 -0.118658230 0.052470315 -0.218592033 0.954512537 -0.202788845 -0.005120378 0.073183194 0.223265067 0.972006679 -0.053706381
0.972438395 0.199383214 -0.120872088 0.055760108 -0.221148029 0.952972710 -0.207211420 -0.001138630 0.073873334 0.228230894 0.970800459 -0.050796695
0.971757412 0.200438678 -0.124546953 0.059398714 -0.223615393 0.950749934 -0.214640841 -0.003133704 0.075390682 0.236429349 0.968719482 -0.049396895
0.970603287 0.204946831 -0.126198888 0.059693210 -0.228682607 0.948779345 -0.217995435 -0.004409971 0.075057410 0.240446463 0.967756212 -0.047440298
0.969103396 0.208677456 -0.131500915 0.065960318 -0.233967155 0.946504474 -0.222235367 -0.004490998 0.078090668 0.246135890 0.966084301 -0.041599143
0.967827201 0.213781744 -0.132695764 0.064558744 -0.239494130 0.944400966 -0.225276083 -0.004943175 0.077158093 0.249808162 0.965216160 -0.041256126
0.967030942 0.216449276 -0.134168461 0.063954838 -0.242621660 0.943148732 -0.227167726 -0.006488516 0.077370524 0.252230346 0.964569211 -0.039331958
0.966058612 0.217315793 -0.139658585 0.069366105 -0.244870797 0.942570508 -0.227154285 -0.009804053 0.082273841 0.253642648 0.963792741 -0.035662480
0.965372503 0.218821734 -0.142031208 0.069044381 -0.247066662 0.941674590 -0.228488415 -0.010310132 0.083748922 0.255667627 0.963130414 -0.033461779
0.964989781 0.219383106 -0.143754974 0.068259478 -0.248185620 0.941037059 -0.229897976 -0.010949142 0.084843017 0.257527143 0.962539077 -0.031891558
0.964591146 0.219973251 -0.145519137 0.067031555 -0.249103948 0.941114187 -0.228585169 -0.014494864 0.086667530 0.256740600 0.962586641 -0.031016422
0.964208663 0.221638709 -0.145526677 0.064029068 -0.250730276 0.940683722 -0.228578866 -0.014998650 0.086232655 0.256885618 0.962586999 -0.029608561
0.963677406 0.222771436 -0.147305816 0.064520121 -0.252168924 0.940645397 -0.227149650 -0.015411928 0.087960102 0.256044865 0.962654710 -0.029350128
0.963910460 0.221374825 -0.147884712 0.063584819 -0.250841886 0.941296875 -0.225916669 -0.014591437 0.089191161 0.254859090 0.962856174 -0.027588420
0.963352978 0.223059013 -0.148982361 0.062655196 -0.252754033 0.940827906 -0.225738958 -0.014604384 0.089813650 0.255122155 0.962728500 -0.028448787
0.962488770 0.226835266 -0.148866534 0.059857734 -0.256455213 0.939712226 -0.226211622 -0.014518826 0.088578939 0.255903721 0.962635517 -0.029232737
0.961706579 0.230299279 -0.148602769 0.057216533 -0.259774417 0.938784242 -0.226276979 -0.014695529 0.087394521 0.256215245 0.962660968 -0.028804619
0.961418211 0.231112152 -0.149205863 0.056887496 -0.260656536 0.938719511 -0.225529894 -0.014971675 0.087939776 0.255719990 0.962742865 -0.029475793
0.961344123 0.230844960 -0.150094405 0.057735126 -0.260703921 0.938503444 -0.226372972 -0.012648652 0.088607065 0.256752491 0.962406874 -0.027898204
0.961766183 0.228978679 -0.150249526 0.057875276 -0.258849263 0.939205825 -0.225586683 -0.013126722 0.089460701 0.255853564 0.962567329 -0.027444422
0.960929871 0.233863458 -0.148060098 0.055324595 -0.262462616 0.939744413 -0.219075248 -0.015203629 0.087904952 0.249376163 0.964408815 -0.027516354
0.961384892 0.232536450 -0.147193789 0.056480873 -0.260196447 0.942241013 -0.210902721 -0.014499337 0.089649461 0.241058007 0.966361225 -0.028205099
0.961681545 0.232481897 -0.145329610 0.055707365 -0.259512633 0.942857265 -0.208982244 -0.013107618 0.088440455 0.238689199 0.967060387 -0.028593047
0.961081862 0.236287937 -0.143142208 0.054804727 -0.262653083 0.942141652 -0.208285317 -0.012906043 0.085644878 0.237775952 0.967536926 -0.029915974
0.960204244 0.241160944 -0.140886933 0.052088246 -0.266776949 0.941265106 -0.207003027 -0.014711323 0.082690865 0.236350581 0.968142867 -0.034168407
0.959746122 0.244319588 -0.138546884 0.049929336 -0.269472927 0.940067053 -0.208946228 -0.013606668 0.079193674 0.237869948 0.968063116 -0.033395845
0.959317088 0.247655764 -0.135562509 0.048893575 -0.272100866 0.939087033 -0.209945187 -0.013829909 0.075310811 0.238290653 0.968269527 -0.036858480
0.959517419 0.248433277 -0.132692039 0.048727255 -0.272218466 0.938912630 -0.210571930 -0.013335113 0.072273098 0.238168657 0.968531013 -0.039883710
0.959367037 0.249829814 -0.131148934 0.048876207 -0.273121417 0.938933849 -0.209304035 -0.013485489 0.070849761 0.236618981 0.969015896 -0.044060625
0.959818006 0.248486847 -0.130398035 0.049103677 -0.271668345 0.939230442 -0.209863424 -0.012148394 0.070325479 0.236855701 0.968996286 -0.045283031
0.960148036 0.247305036 -0.130215138 0.048669610 -0.270471305 0.939566135 -0.209906980 -0.011413334 0.070434667 0.236761197 0.969011486 -0.049660195
0.960177481 0.246858090 -0.130845144 0.049359769 -0.270248204 0.939436138 -0.210774720 -0.009418098 0.070889182 0.237741798 0.968738198 -0.053027943
0.959673464 0.248112053 -0.132163018 0.049548373 -0.271899730 0.938630641 -0.212233961 -0.007214497 0.071394444 0.239610434 0.968240559 -0.054379288
0.959142566 0.249904677 -0.132639259 0.048074551 -0.273821145 0.937909603 -0.212950468 -0.005411766 0.071186274 0.240569293 0.968018174 -0.057754338
0.960392892 0.242261440 -0.137676522 0.052790187 -0.268036962 0.938236058 -0.218791097 -0.004198048 0.076168381 0.247027799 0.966010273 -0.058540363
0.959721208 0.243328959 -0.140449420 0.050284624 -0.270984113 0.933690608 -0.234071612 0.000729150 0.074179873 0.262703001 0.962021112 -0.060533144
0.958707869 0.246272489 -0.142227843 0.047475901 -0.275058597 0.930030107 -0.243693933 0.001793409 0.072261028 0.272752285 0.959366858 -0.064313740
0.958453417 0.247049019 -0.142597899 0.044001818 -0.276075691 0.929162085 -0.245845392 -0.000250429 0.071760759 0.274999082 0.958762705 -0.067085288
0.958360791 0.247160241 -0.143026412 0.042574003 -0.276645631 0.927763402 -0.250444174 0.002638320 0.070794843 0.279583514 0.957507789 -0.067076169
0.958438694 0.246117935 -0.144296229 0.042115789 -0.276015043 0.927882016 -0.250700086 0.000632014 0.072188117 0.280108511 0.957250237 -0.069688544
0.958530188 0.245330140 -0.145027414 0.041835811 -0.275578797 0.927587152 -0.252266496 0.000892112 0.072636999 0.281771511 0.956728101 -0.067377917
0.957086742 0.261582196 -0.124738477 0.011597631 -0.284909487 0.928060710 -0.239854366 -0.007057620 0.053023260 0.265100628 0.962761700 -0.079616569
0.958502233 0.256757706 -0.123890385 0.012866909 -0.279359132 0.932582736 -0.228578299 -0.007394800 0.056848790 0.253702700 0.965610147 -0.078033373
0.957338333 0.251377791 -0.142522126 0.039639339 -0.279068291 0.932264507 -0.230225340 0.000523296 0.074994817 0.260176927 0.962644219 -0.063999027
0.957350671 0.250966370 -0.143162429 0.038696293 -0.278654456 0.932953656 -0.227923512 -0.001280814 0.076362781 0.258095592 0.963096797 -0.062950104
0.957153857 0.252355129 -0.142032444 0.034130074 -0.279616445 0.932967007 -0.226687923 -0.002081993 0.075305708 0.256689876 0.963555574 -0.062649198
0.956629217 0.253245085 -0.143969864 0.034544889 -0.280990899 0.932544291 -0.226727858 -0.002186277 0.076840520 0.257348746 0.963258684 -0.061378717
0.956495881 0.253456682 -0.144483060 0.033172861 -0.281364977 0.932327867 -0.227153674 -0.002178584 0.077131972 0.257924050 0.963081479 -0.059034806
0.956103623 0.254731774 -0.144836187 0.032018848 -0.282709569 0.931892157 -0.227271989 -0.001152937 0.077078298 0.258242190 0.963000536 -0.059137985
0.955210328 0.258003086 -0.144939989 0.031392153 -0.285646945 0.931840360 -0.223784745 -0.002641172 0.077323765 0.255163223 0.963801265 -0.056656659
0.955364943 0.258006155 -0.143912151 0.031239174 -0.284795105 0.933833420 -0.216441795 -0.003439712 0.078546643 0.247766390 0.965630531 -0.056031018
0.954980075 0.259947270 -0.142970473 0.030084549 -0.286098033 0.934455156 -0.211994648 -0.001756068 0.078492060 0.243354231 0.966756344 -0.052302111
0.955272377 0.258122712 -0.144316345 0.031392068 -0.284399211 0.935635090 -0.209056288 -0.003242015 0.081065223 0.240749195 0.967196226 -0.052052785
0.954707742 0.259498656 -0.145580277 0.032702662 -0.285903305 0.935575008 -0.207265615 -0.003288358 0.082416072 0.239500016 0.967392087 -0.048905112
0.954669416 0.260692388 -0.143686533 0.030366596 -0.286169171 0.936654150 -0.201956809 -0.004322838 0.081935957 0.233920678 0.968797028 -0.050712951
0.954584837 0.260668516 -0.144289851 0.031324796 -0.285946608 0.937573552 -0.197966591 -0.004309189 0.083678670 0.230235174 0.969530702 -0.049373604
0.954933703 0.261119962 -0.141130775 0.027616698 -0.285201609 0.938924432 -0.192565203 -0.002651407 0.082228489 0.224137753 0.971082330 -0.044648629
0.956855893 0.253941268 -0.141211092 0.031597409 -0.277229667 0.943412602 -0.181979850 -0.003582180 0.087008111 0.213276446 0.973109841 -0.046571862
0.959045529 0.242621258 -0.146173373 0.039833412 -0.266598582 0.947518349 -0.176448852 -0.002060849 0.095691718 0.208192021 0.973395765 -0.045964543
0.959643006 0.239564270 -0.147289753 0.040272210 -0.263594031 0.948763788 -0.174257174 -0.002299914 0.097997405 0.206049353 0.973622203 -0.044142939
0.960102081 0.240685090 -0.142388761 0.035856891 -0.262887388 0.950428963 -0.166058108 -0.001635101 0.095362663 0.196865007 0.975781918 -0.042216443
0.961661756 0.232940748 -0.144724786 0.038809828 -0.254984677 0.953746855 -0.159216717 0.000621195 0.100942723 0.190015227 0.976578176 -0.042206034
0.962275088 0.229253203 -0.146525368 0.040152948 -0.251583457 0.954792798 -0.158356786 0.002463542 0.103597566 0.189246178 0.976449430 -0.042382743
0.962667644 0.225716323 -0.149409384 0.041935496 -0.248707935 0.955425680 -0.159079850 0.004238109 0.106842600 0.190300360 0.975894809 -0.039585028
0.963654220 0.220592961 -0.150695756 0.042964790 -0.244016647 0.956417143 -0.160381794 0.004951847 0.108748905 0.191324890 0.975483775 -0.042043969
0.963410020 0.220677882 -0.152126789 0.043267265 -0.244437575 0.956223547 -0.160894364 0.007226488 0.109961376 0.192192748 0.975177228 -0.040982619
0.962337613 0.227755651 -0.148437932 0.044018194 -0.248747543 0.957988977 -0.142764717 0.004392269 0.109686479 0.174311414 0.978562355 -0.041194785
0.963410497 0.226901695 -0.142674506 0.045275543 -0.243647829 0.963212132 -0.113393784 0.003583468 0.111696579 0.144007102 0.983252645 -0.039097622
0.967070639 0.215336233 -0.135664210 0.041057222 -0.227742165 0.970127523 -0.083582655 -0.001645156 0.113613233 0.111726776 0.987223029 -0.047115736
0.969750881 0.200092897 -0.139807597 0.047140539 -0.211510718 0.974712968 -0.072096221 -0.002457726 0.121846363 0.099486150 0.987550616 -0.050952904
0.970245242 0.194682166 -0.143955722 0.050449129 -0.206725135 0.975602448 -0.073922969 0.002471026 0.126052111 0.101482652 0.986819267 -0.055532433
0.973480940 0.184284270 -0.135551542 0.031573966 -0.194646806 0.978545785 -0.067534260 -0.004265586 0.120197907 0.092127994 0.988465786 -0.074139573
0.974583566 0.177343458 -0.136880606 0.031050682 -0.188001797 0.979726195 -0.069223933 -0.000926708 0.121829115 0.093198307 0.988165736 -0.081263512
0.974906147 0.173527643 -0.139449939 0.031673893 -0.184719995 0.980172813 -0.071692944 0.002392001 0.124244340 0.095653065 0.987630367 -0.089709491
0.975425839 0.168228075 -0.142280743 0.030798458 -0.180426285 0.980522633 -0.077600703 0.006457221 0.126454860 0.101364911 0.986779690 -0.099502772
0.976356804 0.160845652 -0.144416302 0.031676888 -0.174497560 0.980773211 -0.087378025 0.010376804 0.127585232 0.110512406 0.985651493 -0.105974667
0.977075577 0.157546341 -0.143187404 0.029604454 -0.171916544 0.980599105 -0.094181970 0.016320091 0.125571415 0.116639175 0.985203981 -0.113680489
0.975817800 0.165101036 -0.143253326 0.030428302 -0.179689586 0.979063869 -0.095633589 0.015364672 0.124464929 0.119062074 0.985054553 -0.112920456
0.977599144 0.149520785 -0.148133770 0.037714690 -0.165898889 0.980522454 -0.105135575 0.017688399 0.129528537 0.127355680 0.983362973 -0.127178788
0.976533532 0.156243309 -0.148223490 0.035011426 -0.175459534 0.976277471 -0.126871660 0.020463921 0.124884397 0.149901628 0.980782092 -0.134251565
0.976826727 0.151411071 -0.151275262 0.037543032 -0.173825979 0.973595619 -0.147973657 0.030827085 0.124876067 0.170840159 0.977353334 -0.143561751
0.976415217 0.152295023 -0.153034642 0.036346741 -0.177317262 0.970056593 -0.165978596 0.037006445 0.123174578 0.189199671 0.974182308 -0.156533301
0.975427210 0.158128381 -0.153418690 0.035124399 -0.184341908 0.967115402 -0.175231040 0.048538558 0.120664611 0.199206516 0.972500145 -0.162902057
0.976140320 0.149017513 -0.157936096 0.040986843 -0.176313311 0.968485057 -0.175927594 0.047084101 0.126742423 0.199576229 0.971651077 -0.166962191
0.976671755 0.139189735 -0.163519174 0.048021071 -0.169196486 0.967707396 -0.186855793 0.057013877 0.132230267 0.210163638 0.968682766 -0.173054025
0.975579798 0.140197188 -0.169082254 0.047814377 -0.172020003 0.966346383 -0.191268921 0.062237956 0.136576697 0.215683579 0.966864705 -0.185155153
0.973934472 0.139099762 -0.179173142 0.051672965 -0.173400536 0.965802789 -0.192762077 0.070454195 0.146232784 0.218806282 0.964748621 -0.193717390
0.970493734 0.137672320 -0.197960332 0.052216511 -0.175479174 0.966316879 -0.188251510 0.067138493 0.165375382 0.217434749 0.961963117 -0.203737497
0.965979040 0.143474638 -0.215173140 0.047745217 -0.184789881 0.964990139 -0.186136439 0.071354248 0.180934072 0.219565690 0.958672822 -0.212925017
0.961825728 0.152055055 -0.227531508 0.042663001 -0.195768237 0.963267505 -0.183821812 0.075410008 0.191222638 0.221347943 0.956263065 -0.218619227
0.958418071 0.158459246 -0.237329662 0.042721249 -0.204637319 0.961278737 -0.184573174 0.083569795 0.198892653 0.225464791 0.953733385 -0.223642766
0.956437767 0.156861931 -0.246213213 0.043123089 -0.205188438 0.961129069 -0.184740305 0.085856378 0.207663953 0.227212682 0.951446414 -0.231111959
0.955399275 0.152086228 -0.253143907 0.042317465 -0.201942608 0.961909652 -0.184253603 0.086968258 0.215479121 0.227156296 0.949720323 -0.235073581
0.954514921 0.144944772 -0.260561228 0.045455754 -0.196324632 0.963241339 -0.183365986 0.086983770 0.224405423 0.226180136 0.947884381 -0.241651580
0.953387439 0.135754168 -0.269486964 0.048366241 -0.189107075 0.964748323 -0.183028042 0.085985377 0.235140353 0.225458503 0.945450842 -0.243995816
0.952552557 0.128563121 -0.275889575 0.052547768 -0.184054643 0.965216219 -0.185692146 0.088266782 0.242419973 0.227660239 0.943081737 -0.246417478
0.951813459 0.123106964 -0.280884087 0.055077322 -0.179965124 0.965825558 -0.186530232 0.091384351 0.248321906 0.228091255 0.941440582 -0.250080556
0.951605201 0.117214121 -0.284092069 0.058338813 -0.175055549 0.966521740 -0.187593341 0.095084541 0.252592653 0.228246719 0.940266073 -0.253429592
0.951210320 0.114836954 -0.286376297 0.061756704 -0.173828930 0.966293454 -0.189895749 0.099806324 0.254916579 0.230411306 0.939110219 -0.258841306
0.950972378 0.114110053 -0.287455261 0.064853102 -0.173641026 0.966123700 -0.190928191 0.105076075 0.255930573 0.231481463 0.938571036 -0.265943110
0.950261712 0.120675616 -0.287124127 0.066813588 -0.180033550 0.965093613 -0.190216228 0.110813230 0.254147291 0.232447162 0.938816905 -0.272636235
0.950112700 0.124573737 -0.285949826 0.069926538 -0.180261537 0.967476785 -0.177466810 0.116353087 0.254542232 0.220159173 0.941667736 -0.277773231
0.949720740 0.127822772 -0.285817564 0.073711015 -0.181777447 0.968367457 -0.170942888 0.123129368 0.254926145 0.214303166 0.942914009 -0.284439027
0.949169695 0.130387425 -0.286489338 0.076115988 -0.183398113 0.968802512 -0.166694865 0.125446245 0.255816579 0.210763246 0.943470716 -0.295581102
0.948345363 0.137059063 -0.286104918 0.076863512 -0.189660728 0.967886984 -0.164996177 0.132505074 0.254303008 0.210736126 0.943885744 -0.305439770
0.947220564 0.143289238 -0.286777616 0.077920467 -0.195857540 0.966851354 -0.163823277 0.139742762 0.253797323 0.211344257 0.943885863 -0.314313054
0.946634412 0.144927859 -0.287887663 0.080232173 -0.197709441 0.966521502 -0.163545057 0.146346152 0.254547447 0.211735383 0.943596244 -0.322249144
0.946539402 0.143438175 -0.288944215 0.082873166 -0.196452171 0.966764212 -0.163625866 0.153371364 0.255870819 0.211641937 0.943259120 -0.331185073
0.948873341 0.125029951 -0.289839506 0.087047160 -0.177573651 0.970572233 -0.162656575 0.155658260 0.260973215 0.205808327 0.943152070 -0.357121497
0.948847473 0.121560775 -0.291395813 0.090300009 -0.174450994 0.971090317 -0.162943020 0.160483479 0.263164103 0.205442369 0.942622900 -0.367958039
0.948329329 0.121414013 -0.293138415 0.092592403 -0.174859926 0.970915079 -0.163547426 0.166584760 0.264755607 0.206354991 0.941977739 -0.378018558
0.948119402 0.120699793 -0.294110924 0.094185457 -0.174440339 0.970934629 -0.163879111 0.171859771 0.265782326 0.206681758 0.941617012 -0.389912337
0.947790205 0.120273545 -0.295344085 0.095196106 -0.174824715 0.970539987 -0.165795878 0.178942740 0.266702443 0.208773121 0.940895081 -0.396587968
0.947844505 0.116519451 -0.296671897 0.097271077 -0.171896517 0.970692396 -0.167951912 0.184654087 0.268407524 0.210189149 0.940094590 -0.404311240
0.947732747 0.114643477 -0.297757804 0.098242059 -0.170790344 0.970543921 -0.169926763 0.189693347 0.269506067 0.211899295 0.939396143 -0.413214236
0.947073340 0.111458324 -0.301046669 0.101595365 -0.168285087 0.970982432 -0.169921279 0.190649718 0.273371935 0.211589605 0.938348293 -0.415996999
0.946657181 0.111400068 -0.302373976 0.101804540 -0.168770716 0.970755398 -0.170735061 0.193812877 0.274511218 0.212659448 0.937773645 -0.422559440
0.946220756 0.113341637 -0.303017855 0.100002363 -0.171157718 0.970189273 -0.171574533 0.195649579 0.274538130 0.214211240 0.937412560 -0.428323001
0.945083201 0.118658587 -0.304529011 0.098217145 -0.177233160 0.968935609 -0.172487810 0.197646350 0.274601907 0.216987953 0.936755002 -0.435082942
0.943699598 0.127802238 -0.305119008 0.092862539 -0.187046543 0.966905236 -0.173516229 0.198837742 0.272845477 0.220818654 0.936373055 -0.438279212
0.938591599 0.135897174 -0.317139953 0.092009842 -0.197317898 0.965439022 -0.170273393 0.197477192 0.283039749 0.222394586 0.932967961 -0.449089259
0.933778524 0.143462911 -0.327835232 0.088978954 -0.207389668 0.963539362 -0.169060022 0.199490935 0.291628480 0.225854293 0.929485083 -0.458894998
0.929406345 0.150952473 -0.336774558 0.084491938 -0.217651010 0.961134493 -0.169848338 0.201788425 0.298046708 0.231157467 0.926139414 -0.462315410
0.927021384 0.156749770 -0.340677172 0.080537260 -0.225001052 0.959255815 -0.170888051 0.203442484 0.300009936 0.235069588 0.924519479 -0.460718215
0.925765455 0.159516022 -0.342801571 0.078167126 -0.228963494 0.958021879 -0.172538996 0.205622971 0.300888747 0.238219664 0.923426926 -0.463951141
0.924557388 0.162045464 -0.344869256 0.076788314 -0.233058289 0.956521273 -0.175358698 0.208411068 0.301458687 0.242503807 0.922124982 -0.469070941
0.923971653 0.151922062 -0.350992978 0.083722003 -0.226529092 0.956814289 -0.182183892 0.211232483 0.308157355 0.247842848 0.918484032 -0.471624732
0.922930598 0.160685748 -0.349827379 0.077302255 -0.238201782 0.952240705 -0.191043347 0.213662237 0.302421987 0.259649247 0.917127609 -0.480747223
0.922621608 0.160242483 -0.350844264 0.075697623 -0.239124328 0.951346517 -0.194317341 0.215290606 0.302636623 0.263176739 0.916050792 -0.487161815
0.922123611 0.152948081 -0.355380207 0.079322912 -0.234308466 0.951706707 -0.198378116 0.214829624 0.307876110 0.266197830 0.913428128 -0.485366464
0.921034992 0.152621895 -0.358331323 0.078116715 -0.238351345 0.948499382 -0.208656490 0.216163635 0.308031529 0.277588695 0.909978628 -0.490207046
0.919684887 0.150646493 -0.362609327 0.077879772 -0.242051229 0.944652498 -0.221456647 0.216193497 0.309178174 0.291440427 0.905246556 -0.494058728
0.918421924 0.149566174 -0.366239637 0.074350201 -0.248108804 0.938844085 -0.238775939 0.217308223 0.308129072 0.310164362 0.899363339 -0.498568326
0.916535556 0.157636523 -0.367577583 0.066674083 -0.259981096 0.933213055 -0.248038694 0.216214702 0.303928167 0.322899520 0.896305501 -0.506971121
0.914080620 0.161727145 -0.371888191 0.062335417 -0.266797274 0.930457175 -0.251134843 0.215553761 0.305410653 0.328776240 0.893661261 -0.511630595
0.909454644 0.163511619 -0.382303953 0.058537140 -0.273332804 0.927960157 -0.253336459 0.214773044 0.313339382 0.334894270 0.888630569 -0.508552134
0.905252337 0.161580756 -0.392950147 0.057580471 -0.276599377 0.926155508 -0.256376833 0.212301403 0.322507232 0.340775520 0.883097410 -0.513546169
0.901351213 0.161206812 -0.401968062 0.054264918 -0.281887382 0.923003554 -0.261923909 0.211372420 0.328793943 0.349395126 0.877392411 -0.514396667
0.897389293 0.162186891 -0.410350889 0.049713716 -0.289461315 0.918299854 -0.270069659 0.211695194 0.333023369 0.361138344 0.871019244 -0.514561415
0.893854856 0.168780982 -0.415375203 0.046298757 -0.300119162 0.913509548 -0.274642915 0.213034779 0.333094746 0.370152891 0.867199421 -0.515581548
0.890957177 0.173740566 -0.419534713 0.042524442 -0.307384193 0.910802305 -0.275597692 0.212036967 0.334230721 0.374504119 0.864891052 -0.521133840
0.886848629 0.174088717 -0.428010076 0.040322900 -0.312118411 0.908734262 -0.277099550 0.212788582 0.340707451 0.379335195 0.860246003 -0.523420215
0.883233249 0.177575365 -0.434011459 0.037333161 -0.318640620 0.906304061 -0.277634859 0.212065756 0.344045162 0.383510083 0.857060611 -0.520243645
0.880468130 0.176333070 -0.440093726 0.033880621 -0.319945514 0.906013727 -0.277081192 0.210713744 0.349872351 0.384767234 0.854133189 -0.519316196
0.878905058 0.173027292 -0.444508106 0.031545207 -0.319247097 0.905777931 -0.278653115 0.209081084 0.354410946 0.386817604 0.851331353 -0.512973964
0.878412008 0.166157007 -0.448089331 0.032091945 -0.314311385 0.907157123 -0.279775381 0.207425520 0.360000789 0.386597663 0.849082887 -0.509508967
0.879039228 0.159016132 -0.449448317 0.030549645 -0.307750702 0.909272730 -0.280201197 0.204697892 0.364114523 0.384625822 0.848223805 -0.507801414
0.879850984 0.151335225 -0.450510681 0.031950757 -0.300543070 0.911505103 -0.280770987 0.203943953 0.368152142 0.382434517 0.847471476 -0.511688948
0.879812062 0.142237112 -0.453541040 0.033527285 -0.293405622 0.913209856 -0.282773584 0.200397149 0.373957217 0.381859064 0.845186114 -0.505585909
0.879669428 0.138676137 -0.454918504 0.031367034 -0.291464776 0.913055658 -0.285267830 0.198458537 0.375806034 0.383534074 0.843606174 -0.501904428
0.878921688 0.139451966 -0.456125081 0.029458433 -0.292837024 0.912618816 -0.285260230 0.195452243 0.376488179 0.384291559 0.842957020 -0.498476326
0.879106045 0.138035327 -0.456200272 0.021382853 -0.292524427 0.911930323 -0.287771285 0.192043096 0.376300246 0.386431247 0.842062354 -0.486609221
0.877998173 0.143588185 -0.456619620 0.017577544 -0.299253553 0.909193337 -0.289507329 0.189315766 0.373585612 0.390831977 0.841239631 -0.484838337
0.879143536 0.132738203 -0.457697570 0.019532323 -0.291938722 0.909123182 -0.297097087 0.181351453 0.376667351 0.394810617 0.838001370 -0.463753045
0.887732327 0.145439103 -0.436782181 0.006991640 -0.305915058 0.895371497 -0.323613465 0.182731509 0.344016343 0.420900434 0.839342356 -0.460285813
0.888597727 0.150014564 -0.433462530 0.010861695 -0.310403287 0.892418087 -0.327474475 0.177956700 0.337703854 0.425541133 0.839565814 -0.476503849
