0.994097531 0.051413532 0.095534056 -0.028588897 -0.049767923 0.998569846 -0.019530548 -0.009852376 -0.096401557 0.014660737 0.995234549 -0.052723255
0.992467523 0.041091885 0.115410641 -0.029507101 -0.038760416 0.998997986 -0.022374503 -0.010782205 -0.116214409 0.017732602 0.993065834 -0.058979303
0.992357492 0.042891636 0.115701921 -0.029456537 -0.040520001 0.998919189 -0.022773657 -0.010908514 -0.116553672 0.017911367 0.993022859 -0.058492560
0.992728591 0.042336483 0.112683706 -0.021188533 -0.039809428 0.998904824 -0.024583507 -0.008166053 -0.113601074 0.019918876 0.993326724 -0.051107749
0.992448151 0.036891457 0.116985783 -0.021106459 -0.034728024 0.999186993 -0.020478562 -0.007311072 -0.117646150 0.016261226 0.992922425 -0.053601369
0.992574632 0.035009976 0.116489977 -0.020571206 -0.033019993 0.999274671 -0.018969651 -0.007552233 -0.117069609 0.014982296 0.993010700 -0.054521777
0.992606997 0.033917792 0.116537273 -0.020228975 -0.031984501 0.999318600 -0.018420238 -0.006858895 -0.117082633 0.014556671 0.993015468 -0.054078028
0.992605686 0.032514036 0.116948031 -0.020208552 -0.030668357 0.999375582 -0.017547514 -0.006513546 -0.117445543 0.013831157 0.992982984 -0.052848335
0.992578447 0.032262675 0.117248408 -0.020344606 -0.030460771 0.999389172 -0.017128292 -0.006736267 -0.117729396 0.013429698 0.992954910 -0.053298347
0.992607892 0.028941082 0.117864124 -0.020043906 -0.027199050 0.999496102 -0.016362118 -0.006824280 -0.118278272 0.013035375 0.992894948 -0.053024184
0.992977262 0.035023227 0.113001652 -0.017611999 -0.036627524 0.999255121 0.012151645 -0.005863875 -0.112491883 -0.016205275 0.993520439 -0.056459580
0.992996454 0.034109261 0.113114275 -0.017531870 -0.035828579 0.999270678 0.013201285 -0.005863311 -0.112581521 -0.017161550 0.993494213 -0.056236178
0.992909133 0.034833889 0.113657311 -0.017974623 -0.036643159 0.999232113 0.013867874 -0.005595686 -0.113086969 -0.017934304 0.993423223 -0.055789813
0.993186891 0.022764837 0.114287421 -0.016897224 -0.028821958 0.998250425 0.051629368 -0.005752260 -0.112912118 -0.054571606 0.992105246 -0.051121518
0.993166447 0.022211514 0.114572816 -0.017233890 -0.028367030 0.998224258 0.052378125 -0.005495859 -0.113205962 -0.055270284 0.992033005 -0.051091336
0.993151963 0.022150110 0.114710882 -0.017297400 -0.028409064 0.998178661 0.053218592 -0.005303237 -0.113323167 -0.056112979 0.991972387 -0.050532881
0.993212104 0.021592489 0.114295818 -0.016956450 -0.027975971 0.998119354 0.054544341 -0.005739070 -0.112903133 -0.057371635 0.991948247 -0.050542485
0.993217051 0.021062262 0.114351302 -0.016665159 -0.027455475 0.998129427 0.054624502 -0.005096667 -0.112986915 -0.057393558 0.991937459 -0.049839225
0.993316889 0.017243009 0.114123963 -0.016563639 -0.024129990 0.997951925 0.059242841 -0.004904634 -0.112868704 -0.061600741 0.991698563 -0.049143735
0.993307769 0.017680192 0.114136197 -0.016616536 -0.024588814 0.997930884 0.059408385 -0.005032382 -0.112849683 -0.061817277 0.991687238 -0.049065053
0.993723154 0.011167520 0.111308478 -0.013919502 -0.018273456 0.997844577 0.063025810 -0.005579500 -0.110364713 -0.064664200 0.991785288 -0.047157824
0.993614554 0.010992442 0.112291217 -0.015511950 -0.018405695 0.997702658 0.065196335 -0.005042825 -0.111316577 -0.066846825 0.991534352 -0.047188256
0.993669450 0.009858388 0.111909814 -0.015082534 -0.017296433 0.997690201 0.065689668 -0.004917058 -0.111003727 -0.067209467 0.991544724 -0.046668794
0.993683457 0.009732000 0.111796223 -0.014923831 -0.017182093 0.997680187 0.065871105 -0.005092451 -0.110895798 -0.067375921 0.991545558 -0.046699915
0.993692279 0.009067023 0.111774139 -0.014931673 -0.016642440 0.997612178 0.067028821 -0.005380846 -0.110899501 -0.068466224 0.991470456 -0.047086947
0.993684590 0.009616079 0.111796647 -0.015034780 -0.017222028 0.997586370 0.067268543 -0.005462054 -0.110879943 -0.068769082 0.991451681 -0.047147594
0.993733466 0.008150814 0.111478195 -0.014887976 -0.015773604 0.997583091 0.067669258 -0.005567062 -0.110657185 -0.069003619 0.991460264 -0.047497343
0.993785560 0.006901709 0.111096591 -0.014683767 -0.014542512 0.997571588 0.068113603 -0.005535129 -0.110356711 -0.069305956 0.991472661 -0.047311023
0.993980467 0.002908196 0.109518223 -0.014141258 -0.010969833 0.997265756 0.073079698 -0.004995751 -0.109006234 -0.073841192 0.991294682 -0.047245409
0.993998051 0.002563894 0.109367736 -0.014043804 -0.010627869 0.997259617 0.073213674 -0.004995666 -0.108880311 -0.073936589 0.991301417 -0.047171757
0.993018866 0.006425367 0.117780261 -0.014423495 -0.015179848 0.997173488 0.073583364 -0.005119688 -0.116974548 -0.074857563 0.990309656 -0.045699645
0.993038476 0.006343501 0.117619365 -0.014394339 -0.015067726 0.997186303 0.073433332 -0.004945233 -0.116822593 -0.074694380 0.990339935 -0.045548446
0.993031085 0.006763171 0.117658190 -0.014276181 -0.015510586 0.997168064 0.073590107 -0.004964855 -0.116827264 -0.074902222 0.990323722 -0.046233267
0.993171692 0.007694148 0.116408043 -0.014127410 -0.016593983 0.996994138 0.075679101 -0.004906147 -0.115475833 -0.077094004 0.990314126 -0.045339208
0.993194997 0.006755242 0.116266996 -0.014177481 -0.015678547 0.996984005 0.076005951 -0.005332286 -0.115402907 -0.077311635 0.990305543 -0.046024539
0.993315160 0.007436903 0.115193926 -0.013752630 -0.016297590 0.996961653 0.076170132 -0.004972906 -0.114277467 -0.077538326 0.990418255 -0.046165500
0.993324041 0.007758196 0.115096077 -0.013591180 -0.016581377 0.996977568 0.075901255 -0.004907363 -0.114159338 -0.077302985 0.990450323 -0.046324167
0.998887241 -0.001673251 0.047132161 -0.010479400 -0.002043034 0.996897042 0.078689799 -0.005583143 -0.047117572 -0.078698508 0.995784342 -0.052749734
0.997582376 -0.000550669 0.069491252 -0.010507926 -0.003529544 0.998276591 0.058579043 -0.002988642 -0.069403753 -0.058682688 0.995861113 -0.042280674
0.996928096 0.000066975 0.078321971 -0.013120879 -0.004811058 0.998163581 0.060384423 -0.004360975 -0.078174084 -0.060575746 0.995097697 -0.042293705
0.996484399 0.000166338 0.083778188 -0.013172416 -0.005279228 0.998135388 0.060811058 -0.004369133 -0.083611853 -0.061039560 0.994627118 -0.041290414
0.994101644 0.000989805 0.108447254 -0.012124352 -0.008025231 0.997888327 0.064456969 -0.003996385 -0.108154431 -0.064947091 0.992010355 -0.036414154
0.993497074 0.001513417 0.113847323 -0.011949379 -0.009042812 0.997801781 0.065648586 -0.003906010 -0.113497719 -0.066251181 0.991326988 -0.036333404
0.993333459 -0.002265265 0.115254037 -0.010860017 -0.005535037 0.997716486 0.067314185 -0.004065636 -0.115143307 -0.067503363 0.991052628 -0.036291573
0.993129075 -0.001753254 0.117011510 -0.010696076 -0.006307739 0.997632205 0.068484731 -0.004059189 -0.116854519 -0.068752244 0.990766406 -0.037382685
0.992993295 -0.002537108 0.118143447 -0.010335790 -0.005753107 0.997545958 0.069776855 -0.003902361 -0.118030570 -0.069967642 0.990541875 -0.036968056
0.992865086 -0.002897306 0.119207725 -0.010168763 -0.005517752 0.997517526 0.070200965 -0.003829992 -0.119115196 -0.070357844 0.990384459 -0.037301175
0.992693067 -0.003466314 0.120616809 -0.010742977 -0.005161571 0.997452557 0.071145467 -0.004251393 -0.120556183 -0.071248189 0.990146339 -0.038581580
0.998846471 -0.022010000 0.042676527 -0.009858095 0.017106883 0.993557572 0.112030104 -0.001224759 -0.044867367 -0.111170813 0.992787957 -0.048100248
0.988627374 -0.149131835 0.019381559 0.028449489 0.141957521 0.967976034 0.207051948 0.002833206 -0.049638920 -0.201945856 0.978138089 -0.030005161
0.986561418 -0.163291529 0.005702659 0.031655714 0.158407748 0.964443326 0.211556464 0.005410604 -0.040045254 -0.207810104 0.977349162 -0.022762131
0.986265242 -0.165154114 -0.002297679 0.033873152 0.161391184 0.960648537 0.226069421 0.004632654 -0.035129033 -0.223335177 0.974108517 -0.014997707
0.988379061 -0.151898786 -0.005794355 0.036777247 0.148528591 0.956935108 0.249428108 0.009118197 -0.032343004 -0.247390136 0.968375981 0.004165853
0.988552094 -0.150592372 -0.009319659 0.041553825 0.147242516 0.949392378 0.277441800 0.010906489 -0.032932606 -0.275637984 0.960697234 0.016774455
0.987795234 -0.154981792 -0.015533612 0.052994214 0.152386487 0.940955400 0.302293897 0.013381167 -0.032233614 -0.300971508 0.953088164 0.032611020
0.985652506 -0.167725876 -0.018900288 0.062142074 0.164658859 0.930881023 0.326110393 0.012439021 -0.037103236 -0.324543655 0.945142746 0.047329105
0.983342052 -0.180872485 -0.017986406 0.072297767 0.176155671 0.923927665 0.339598060 0.016840573 -0.044805806 -0.337109447 0.940398693 0.067975141
0.979212999 -0.201951265 -0.018912241 0.083003990 0.195480362 0.914716899 0.353667200 0.011125225 -0.054124188 -0.350012451 0.935180128 0.068965137
0.978806078 -0.204131559 -0.016399890 0.091761909 0.196434230 0.913216352 0.357000709 0.008392464 -0.057898469 -0.352656007 0.933960140 0.078593820
0.980289519 -0.197539106 -0.003280703 0.097514838 0.185492709 0.914539397 0.359458119 0.006063826 -0.068006702 -0.352981567 0.933155477 0.088820755
0.981962383 -0.188683659 0.012174211 0.102925032 0.171582520 0.916310728 0.361848086 0.002701998 -0.079430163 -0.353232384 0.932157695 0.096565314
0.982984364 -0.181801572 0.026266029 0.109779455 0.160084307 0.917986929 0.362867773 0.000007268 -0.090081789 -0.352488518 0.931470394 0.104715891
0.983021736 -0.179757804 0.036814857 0.115499154 0.154127643 0.917799830 0.365907460 -0.005952615 -0.099563383 -0.354020745 0.929922819 0.109366193
0.982825577 -0.179091856 0.044496521 0.122425281 0.150436729 0.917221725 0.368880838 -0.009893063 -0.106876761 -0.355851620 0.928411007 0.119184628
