0.999265313 -0.028222270 0.025928341 0.014899496 0.027117115 0.998748302 0.042029411 0.008114167 -0.027082052 -0.041295432 0.998779893 -0.001914412
0.998514771 -0.044572517 0.031329364 0.022475572 0.042935103 0.997768998 0.051125675 0.014351342 -0.033538263 -0.049704622 0.998200715 -0.002223021
0.997633398 -0.057009738 0.038437288 0.027028270 0.054863524 0.996991515 0.054752652 0.018435238 -0.041443087 -0.052514274 0.997759819 -0.004242431
0.998201430 -0.050442707 0.032394376 0.044578936 0.049443319 0.998297453 0.030944724 0.046993691 -0.033900160 -0.029287383 0.998996019 -0.007993963
0.998074889 -0.053408358 0.031527486 0.048858970 0.052516028 0.998213768 0.028484019 0.051717229 -0.032992456 -0.026773494 0.999096811 -0.014838262
0.997938097 -0.055811774 0.031695284 0.049842007 0.054900318 0.998072565 0.028934198 0.052417636 -0.033249065 -0.027134467 0.999078572 -0.020446308
0.997827768 -0.057236895 0.032612137 0.049489174 0.056283414 0.997980654 0.029441703 0.053692173 -0.034231432 -0.027542233 0.999034286 -0.026035853
0.997750819 -0.058119118 0.033398993 0.049163308 0.057054680 0.997858584 0.031986229 0.053951818 -0.035186481 -0.030008722 0.998930216 -0.030699626
0.997850239 -0.059095170 0.028333029 0.055077638 0.058402289 0.997987747 0.024689382 0.063403688 -0.029735036 -0.022981592 0.999293685 -0.031387202
0.997680068 -0.062305298 0.027434178 0.055623326 0.061607689 0.997772574 0.025579806 0.065305889 -0.028966831 -0.023830308 0.999296308 -0.035427090
0.997714281 -0.064073123 0.021462459 0.054042712 0.063226573 0.997273982 0.038038231 0.057453442 -0.023841180 -0.036594294 0.999045789 -0.042100817
0.997626364 -0.068274796 0.008953226 0.053240608 0.067916460 0.997056305 0.035581026 0.059165269 -0.011356158 -0.034888502 0.999326587 -0.038549241
0.997474372 -0.071014300 0.001313225 0.051713698 0.070934884 0.996956885 0.032328881 0.064746581 -0.003605041 -0.032154083 0.999476314 -0.037260048
0.997040927 -0.076825261 -0.002691085 0.043823052 0.076868363 0.996019959 0.045116317 0.048424989 -0.000785697 -0.045189671 0.998978198 -0.025180725
0.996907532 -0.077701248 -0.011741836 0.044576153 0.078154273 0.995927513 0.044946998 0.051079713 0.008201582 -0.045725673 0.998920321 -0.025383109
0.996403635 -0.080101714 -0.027630951 0.046631481 0.081230178 0.995790064 0.042472530 0.053628538 0.024112508 -0.044564240 0.998715639 -0.024177354
0.995896101 -0.080266446 -0.041813765 0.045439065 0.081937961 0.995837569 0.039923385 0.057974815 0.038435217 -0.043185666 0.998327494 -0.024148226
0.994949937 -0.082837090 -0.056679316 0.046677954 0.085015774 0.995686054 0.037168436 0.062233586 0.053355910 -0.041799359 0.997700453 -0.021828439
0.994302094 -0.084769785 -0.064632215 0.046799999 0.087029435 0.995659590 0.032981843 0.067192905 0.061555836 -0.038418807 0.997364163 -0.019146670
0.993736327 -0.088275775 -0.068524703 0.047857367 0.090415642 0.995488286 0.028774966 0.070103072 0.065675423 -0.034790423 0.997234404 -0.018257705
0.993652344 -0.088622868 -0.069288760 0.048106987 0.090626881 0.995536864 0.026328409 0.069615074 0.066646226 -0.032440707 0.997249246 -0.017436087
0.993302047 -0.090872958 -0.071366705 0.049624473 0.092612013 0.995471418 0.021442095 0.072623350 0.069095023 -0.027907887 0.997219741 -0.016699014
0.993103802 -0.091559373 -0.073224761 0.050642062 0.092896119 0.995562077 0.015055363 0.075466596 0.071521342 -0.021753829 0.997201920 -0.016910916
0.992857456 -0.093034118 -0.074690856 0.051234096 0.093724251 0.995581448 0.005780790 0.076563463 0.073823042 -0.012739835 0.997190118 -0.016734555
0.992750049 -0.092991926 -0.076156028 0.052065961 0.093046285 0.995657802 -0.002841741 0.076931536 0.076089628 -0.004264885 0.997092009 -0.018272039
0.992870808 -0.091781937 -0.076050498 0.051426336 0.091489159 0.995779037 -0.007332063 0.078213781 0.076402463 0.000322008 0.997077227 -0.018698530
0.992768884 -0.092823736 -0.076116368 0.051056370 0.092389084 0.995680451 -0.009219466 0.077689894 0.076643385 0.002120479 0.997056305 -0.018832041
0.992717266 -0.094145469 -0.075160094 0.051378313 0.093497641 0.995546043 -0.012099859 0.079998784 0.075964488 0.004984454 0.997098088 -0.018246228
0.992434561 -0.098310083 -0.073545679 0.051399980 0.097435541 0.995122850 -0.015394971 0.082552902 0.074700475 0.008112539 0.997173071 -0.020126838
0.992567778 -0.106937103 -0.058083486 0.043370213 0.106699876 0.994265378 -0.007179659 0.070755593 0.058518175 0.000928779 0.998285890 -0.014582235
0.992903709 -0.110434391 -0.044118043 0.045455687 0.110136814 0.993874550 -0.009127305 0.072954319 0.044855770 0.004203499 0.998984635 -0.012966507
0.992664933 -0.115626104 -0.035311602 0.047189582 0.115482815 0.993290961 -0.006077888 0.070710339 0.035777465 0.001955407 0.999357820 -0.014249865
0.993801117 -0.106348380 -0.032396056 0.051206294 0.105673604 0.994160295 -0.021878745 0.090494461 0.034533639 0.018319707 0.999235690 -0.017200228
0.994181752 -0.103766657 -0.028901570 0.050383266 0.103085101 0.994379282 -0.024154332 0.089012735 0.031245552 0.021034475 0.999290407 -0.017818850
0.994345665 -0.103987858 -0.021526013 0.048982944 0.103270441 0.994134665 -0.032120626 0.089282446 0.024739940 0.029716004 0.999252200 -0.016863659
0.994400620 -0.104640231 -0.014749076 0.050250132 0.104019821 0.993851602 -0.037931964 0.086939298 0.018627599 0.036185361 0.999171436 -0.016341694
0.994324267 -0.106114149 -0.007665687 0.051447690 0.105705664 0.993517697 -0.041818675 0.087003388 0.012053544 0.040771000 0.999095738 -0.015734959
0.992620289 -0.121204421 -0.003787508 0.053134464 0.121017471 0.992111325 -0.032709185 0.079083018 0.007722124 0.032009441 0.999457717 -0.016559619
0.992432594 -0.122786313 -0.001055528 0.053363908 0.122680485 0.991868317 -0.033863585 0.079221860 0.005204927 0.033477835 0.999425948 -0.015064578
0.991966963 -0.126469195 0.002715981 0.053402789 0.126486912 0.991359413 -0.034749709 0.079469778 0.001702252 0.034814097 0.999392331 -0.013477830
0.991912901 -0.126831651 0.004751409 0.054919783 0.126920611 0.991210043 -0.037332185 0.080957554 0.000025256 0.037633318 0.999291599 -0.009900745
0.991843820 -0.127223551 0.007732880 0.055578768 0.127429157 0.991088033 -0.038809467 0.081883386 -0.002726485 0.039478339 0.999216735 -0.005599959
0.991447151 -0.128836185 0.020824265 0.054595090 0.129694685 0.990432084 -0.047154021 0.089670718 -0.014549877 0.049451537 0.998670578 0.004857906
0.989306211 -0.142804801 0.029666733 0.059453174 0.144104198 0.988416255 -0.047614392 0.091913924 -0.022523534 0.051380318 0.998425126 0.008888192
0.987501442 -0.152990118 0.037880708 0.061644178 0.154741332 0.986755729 -0.048663277 0.095395863 -0.029934015 0.053916778 0.998096645 0.012935150
0.985400200 -0.165006950 0.041943710 0.065338761 0.166850060 0.984951854 -0.045064691 0.096159317 -0.033876561 0.051405054 0.998103142 0.014486598
0.984875679 -0.168418482 0.040683512 0.067596063 0.170298815 0.984208941 -0.048279688 0.097938016 -0.031909887 0.054477829 0.998004973 0.016670864
0.985132277 -0.165035084 0.047726575 0.066144399 0.168156371 0.983189583 -0.071145087 0.100412592 -0.035182852 0.078112841 0.996323407 0.019978976
0.985591888 -0.159306660 0.056831833 0.064031415 0.163262129 0.983840525 -0.073507413 0.094503604 -0.044203252 0.081726812 0.995673954 0.019207668
0.986071944 -0.156619787 0.055967718 0.064733565 0.160739422 0.983845055 -0.078813478 0.087682568 -0.042719830 0.086711966 0.995316923 0.020391427
0.987859786 -0.144062340 0.058128696 0.061357897 0.148468018 0.985647023 -0.080356441 0.081010610 -0.045718051 0.088011146 0.995069683 0.018904021
0.988703012 -0.138849571 0.056455694 0.060355648 0.143046588 0.986580193 -0.078722358 0.074576087 -0.044767506 0.085908793 0.995296538 0.020335002
0.989560544 -0.131821319 0.058250342 0.057526540 0.136198953 0.987529516 -0.078964390 0.070681624 -0.047114745 0.086073652 0.995173991 0.023888167
0.989761412 -0.130976394 0.056721866 0.057694070 0.135105714 0.987881720 -0.076395117 0.065311074 -0.046028547 0.083276391 0.995462716 0.028470177
0.990066290 -0.128875375 0.056209482 0.057183083 0.132961422 0.988180101 -0.076297089 0.062411856 -0.045712285 0.083012864 0.995499313 0.032142337
0.990156472 -0.132596210 0.044812106 0.060679693 0.135535538 0.988255918 -0.070571482 0.055442672 -0.034928333 0.075950414 0.996499538 0.033088211
0.991683125 -0.120666422 0.044763274 0.055611998 0.123077236 0.990832627 -0.055704053 0.051503249 -0.037631288 0.060750097 0.997443199 0.035147596
0.991996646 -0.121388756 0.034742679 0.056819323 0.122848921 0.991470218 -0.043533999 0.051464066 -0.029161768 0.047453679 0.998447478 0.037249401
0.992099702 -0.122481622 0.027129930 0.057369672 0.123414330 0.991706252 -0.035887156 0.051866900 -0.022509387 0.038951859 0.998987317 0.042071275
0.991963327 -0.123932183 0.025484558 0.055948064 0.124598280 0.991854429 -0.026458753 0.053168993 -0.021997876 0.029421434 0.999324799 0.043023825
0.990816653 -0.134800315 0.010539654 0.064288206 0.135021120 0.990547061 -0.024208477 0.054898925 -0.007176708 0.025409209 0.999651372 0.044110749
0.990138471 -0.140030846 0.004117214 0.065960214 0.140090376 0.989813626 -0.025379436 0.055169258 -0.000521366 0.025705915 0.999669373 0.043468740
0.989673853 -0.143317714 -0.002320858 0.067295633 0.143199086 0.989304543 -0.027759027 0.054718841 0.006274395 0.027140036 0.999611855 0.041559096
0.989475369 -0.144612059 -0.005056036 0.066653162 0.144422278 0.989135981 -0.027424939 0.052687619 0.008967083 0.026406087 0.999610841 0.039431591
0.989400148 -0.144957334 -0.008617472 0.065801986 0.144777238 0.989286363 -0.018758783 0.048370391 0.011244374 0.017312327 0.999786794 0.035907861
0.988552749 -0.150245860 -0.013757265 0.066033192 0.150090829 0.988603055 -0.011687936 0.048695575 0.015356544 0.009489299 0.999836922 0.034671109
0.987927914 -0.153451309 -0.021234127 0.067994513 0.153387114 0.988155246 -0.004630379 0.047787227 0.021693163 0.001317442 0.999763668 0.032242510
0.987944126 -0.153041065 -0.023338130 0.066762090 0.153145164 0.988199949 0.002730812 0.048059713 0.022644814 -0.006272010 0.999723792 0.030056857
0.987917721 -0.153098017 -0.024074296 0.065129273 0.153243899 0.988179028 0.004325621 0.049106330 0.023127457 -0.007962594 0.999700665 0.027191160
0.987738192 -0.153665185 -0.027573561 0.065937199 0.153868303 0.988076806 0.005390582 0.048579212 0.026416432 -0.009567178 0.999605119 0.022732483
0.988149285 -0.151051298 -0.027284119 0.064972878 0.151218250 0.988491714 0.004153218 0.049310230 0.026342763 -0.008229854 0.999618948 0.019612912
0.988173187 -0.150879502 -0.027370924 0.064264663 0.151042506 0.988519371 0.003978957 0.049542263 0.026456328 -0.008066069 0.999617279 0.016496364
0.987833738 -0.152819470 -0.028822452 0.064412452 0.153031111 0.988207340 0.005274650 0.048448313 0.027676476 -0.009621207 0.999570489 0.012194756
0.988293111 -0.149908513 -0.028356228 0.062698565 0.150149062 0.988641739 0.006542214 0.047552105 0.027053401 -0.010723285 0.999576271 0.008194174
0.988304436 -0.149564952 -0.029738119 0.062490169 0.149874732 0.988668799 0.008464095 0.045751549 0.028135225 -0.012822106 0.999521792 0.006931332
0.988828242 -0.146249682 -0.028798940 0.061006065 0.146494791 0.989189565 0.006583004 0.045829166 0.027524851 -0.010728365 0.999563456 0.004421817
0.989048481 -0.144712895 -0.028997933 0.059850357 0.144982830 0.989406407 0.007421999 0.043186318 0.027616682 -0.011544934 0.999551833 0.000628820
0.989503086 -0.142107412 -0.026248744 0.058078211 0.142268568 0.989818454 0.004368597 0.043653470 0.025360687 -0.008057121 0.999645829 -0.000092585
0.989759564 -0.140682325 -0.024172813 0.056721527 0.140789777 0.990035534 0.002794027 0.043932106 0.023538880 -0.006168711 0.999703825 -0.001549788
0.989425838 -0.142693296 -0.025982348 0.059347313 0.142727271 0.989761889 -0.000550659 0.045889605 0.025794920 -0.003163563 0.999662161 -0.001066230
0.989185631 -0.144649923 -0.024247950 0.059055042 0.144640356 0.989481986 -0.002156319 0.045914289 0.024304828 -0.001374244 0.999703586 -0.001729757
0.989019513 -0.145808339 -0.024084654 0.059967849 0.145797774 0.989311993 -0.002204464 0.045977801 0.024148671 -0.001331242 0.999707520 -0.003206456
0.989321828 -0.144170731 -0.021375237 0.058911521 0.144131526 0.989552736 -0.003372506 0.046897870 0.021638151 0.000255640 0.999765813 -0.004216425
0.989439011 -0.143515691 -0.020335551 0.059284307 0.143433005 0.989644945 -0.005473508 0.047745049 0.020910513 0.002498901 0.999778152 -0.004878050
0.989322782 -0.144371569 -0.019926168 0.060209617 0.144306332 0.989522040 -0.004679848 0.045809802 0.020393025 0.001754398 0.999790490 -0.006734478
0.989791095 -0.141496390 -0.017096164 0.059052609 0.141428903 0.989935219 -0.005100702 0.045273580 0.017645830 0.002630727 0.999840736 -0.007538360
0.989887536 -0.140838414 -0.016942849 0.059231579 0.140789300 0.990031183 -0.004062995 0.043236457 0.017346183 0.001636525 0.999848068 -0.009391872
0.990104020 -0.139284551 -0.017140267 0.059342470 0.139203012 0.990246356 -0.005867958 0.042687159 0.017790411 0.003423902 0.999835789 -0.009872508
0.990721822 -0.135051012 -0.015208551 0.058353756 0.134924009 0.990814269 -0.009093368 0.042538349 0.016296919 0.006956993 0.999843001 -0.009827954
0.990451097 -0.137063786 -0.014831132 0.058336783 0.136922330 0.990529656 -0.010171343 0.041731682 0.016084805 0.008043494 0.999838173 -0.010436612
0.990420997 -0.137436435 -0.013315270 0.057832778 0.137302235 0.990473330 -0.010522099 0.041370764 0.014634547 0.008593079 0.999855936 -0.009845179
0.990546048 -0.136704013 -0.011417365 0.056560677 0.136562213 0.990553916 -0.012396173 0.042964425 0.013004132 0.010719790 0.999857843 -0.009640884
0.990377247 -0.137847573 -0.012282059 0.057638567 0.137690037 0.990391850 -0.012865797 0.043243729 0.013937576 0.011050864 0.999841750 -0.008332402
0.990269065 -0.138622105 -0.012285413 0.057969730 0.138463646 0.990283072 -0.012929358 0.042880412 0.013958341 0.011102449 0.999840915 -0.008261671
0.990212560 -0.139122427 -0.011130642 0.057229042 0.138977379 0.990211666 -0.012891497 0.042463858 0.012815192 0.011218404 0.999854922 -0.008408187
0.990262032 -0.138692588 -0.012053993 0.057812285 0.138543159 0.990278125 -0.012458457 0.041737091 0.013664703 0.010667131 0.999849737 -0.007962019
0.990170717 -0.139196515 -0.013643814 0.058308274 0.139080420 0.990239084 -0.009120313 0.038838174 0.014780158 0.007133069 0.999865294 -0.009316569
0.990796089 -0.134830013 -0.011988988 0.056547120 0.134719029 0.990836978 -0.009629781 0.039129678 0.013177520 0.007925997 0.999881744 -0.009486351
0.991174638 -0.132047758 -0.011659885 0.055368423 0.131949618 0.991217196 -0.008822330 0.038108882 0.012722451 0.007205945 0.999893069 -0.010209897
0.991096616 -0.132526740 -0.012807632 0.055745974 0.132426068 0.991157115 -0.008415938 0.037330031 0.013809721 0.006644933 0.999882519 -0.009459846
0.991015375 -0.133119822 -0.012941616 0.055460725 0.133008704 0.991073012 -0.009102227 0.037491743 0.014037780 0.007299092 0.999874771 -0.009360621
0.990950942 -0.133622766 -0.012693325 0.055215809 0.133516192 0.991006672 -0.008905073 0.037030149 0.013769099 0.007129713 0.999879718 -0.008412519
0.990777194 -0.134782910 -0.013933854 0.055925626 0.134686157 0.990858674 -0.007668397 0.035642952 0.014840054 0.005720967 0.999873519 -0.008115456
0.990865409 -0.134160072 -0.013666123 0.055759571 0.134046346 0.990934849 -0.008927356 0.036318086 0.014739939 0.007013904 0.999866724 -0.006910377
0.990930855 -0.133714974 -0.013279639 0.055324189 0.133603573 0.990994394 -0.008953064 0.035670035 0.014357215 0.007097648 0.999871671 -0.006557118
0.990960300 -0.133474454 -0.013496296 0.054973278 0.133379549 0.991035104 -0.007705097 0.034214325 0.014403744 0.005835306 0.999879181 -0.006899341
0.991097629 -0.132380351 -0.014169798 0.055125240 0.132284641 0.991183519 -0.007493872 0.033694725 0.015036914 0.005552705 0.999871492 -0.006901539
0.991265476 -0.131242454 -0.012955721 0.054031707 0.131154209 0.991334021 -0.007445070 0.033154666 0.013820562 0.005680833 0.999888241 -0.006054256
0.991161227 -0.131961316 -0.013617005 0.054101124 0.131893858 0.991247237 -0.005741604 0.031841878 0.014255496 0.003894845 0.999890745 -0.006216457
0.991213381 -0.131547302 -0.013827816 0.054150552 0.131470457 0.991299868 -0.006331542 0.031407200 0.014540418 0.004457949 0.999884248 -0.006199175
0.991292953 -0.130918548 -0.014089063 0.054012723 0.130844325 0.991384387 -0.006071873 0.030753359 0.014762607 0.004175522 0.999882221 -0.006020546
0.991332471 -0.130484268 -0.015284430 0.054429695 0.130415693 0.991444647 -0.005403453 0.029724414 0.015858740 0.003363276 0.999868512 -0.006879739
0.991753697 -0.127793729 -0.009647826 0.049245544 0.127791658 0.991800725 -0.000833253 0.023232127 0.009675195 -0.000406536 0.999953032 -0.008176927
0.991886377 -0.126751602 -0.009744255 0.048598867 0.126754224 0.991934121 -0.000347638 0.022315979 0.009709711 -0.000890317 0.999952376 -0.007941948
0.992411077 -0.122656077 -0.008694012 0.046540242 0.122709826 0.992424786 0.005941264 0.019244047 0.007899411 -0.006963024 0.999944568 -0.008532006
0.992286921 -0.123480938 -0.010907848 0.047423907 0.123567030 0.992307067 0.007602085 0.020524029 0.009885214 -0.008891309 0.999911547 -0.007790912
0.992311835 -0.123092376 -0.012857691 0.047239237 0.123217925 0.992334485 0.009473795 0.019928308 0.011592969 -0.010985267 0.999872386 -0.009480213
0.992356539 -0.122777268 -0.012408717 0.046435356 0.122912951 0.992358327 0.010833935 0.018683534 0.010983723 -0.012276328 0.999864280 -0.010420204
0.992195129 -0.123805381 -0.014861640 0.047222614 0.123978063 0.992220521 0.011319377 0.018431142 0.013344613 -0.013073558 0.999825418 -0.012824487
0.992281556 -0.123243779 -0.013711921 0.046443660 0.123380832 0.992312610 0.009641230 0.020729961 0.012418281 -0.011258612 0.999859393 -0.013271858
0.992157400 -0.124355398 -0.012613545 0.045701209 0.124487929 0.992167413 0.010329182 0.021647071 0.011230250 -0.011818419 0.999867022 -0.013540538
0.991881907 -0.126596242 -0.011978763 0.046199597 0.126708865 0.991897643 0.009161085 0.023611700 0.010721941 -0.010604539 0.999886215 -0.012325638
0.991602063 -0.128821284 -0.011408192 0.046724036 0.128921062 0.991618454 0.008488303 0.025037652 0.010219091 -0.009887786 0.999898851 -0.011195579
0.991279781 -0.131333157 -0.010764305 0.047522843 0.131431699 0.991284251 0.009021305 0.026161991 0.009485680 -0.010357417 0.999901354 -0.009915715
0.991090953 -0.132803157 -0.010092056 0.048475415 0.132879928 0.991104841 0.007359482 0.028872890 0.009024913 -0.008634958 0.999921978 -0.007852961
0.990778446 -0.135130137 -0.009881638 0.049399178 0.135202929 0.990792453 0.007106712 0.030464470 0.008830312 -0.008377214 0.999925911 -0.006848864
0.990535676 -0.136922598 -0.009542861 0.050014861 0.136985585 0.990553021 0.006289613 0.032405831 0.008591510 -0.007537330 0.999934673 -0.006768803
0.990281582 -0.138796285 -0.008820795 0.050098773 0.138853982 0.990292847 0.006302238 0.033812977 0.007860432 -0.007465802 0.999941230 -0.006476796
0.990334153 -0.138436362 -0.008573057 0.050206006 0.138492048 0.990343630 0.006278741 0.034800448 0.007621057 -0.007405360 0.999943495 -0.007333091
0.990294039 -0.138706297 -0.008832754 0.050523061 0.138764888 0.990304768 0.006404018 0.035488714 0.007858830 -0.007567545 0.999940455 -0.008684343
0.990425766 -0.137772784 -0.008672086 0.050590504 0.137823761 0.990441144 0.005578330 0.036309119 0.007820640 -0.006720151 0.999946833 -0.009093259
0.990319788 -0.138555855 -0.008293012 0.050412614 0.138604999 0.990331531 0.005675986 0.035873719 0.007426380 -0.006770503 0.999949455 -0.010415322
0.990420759 -0.137875348 -0.007551329 0.050010812 0.137915760 0.990430713 0.005117598 0.036232103 0.006773468 -0.006110032 0.999958396 -0.011040807
0.990309536 -0.138619632 -0.008443481 0.051065564 0.138657838 0.990331829 0.004119931 0.036869869 0.007790734 -0.005250772 0.999955833 -0.010927810
0.990056157 -0.140438572 -0.008098763 0.050961398 0.140483260 0.990069270 0.005238954 0.035799302 0.007282575 -0.006324609 0.999953449 -0.011754889
0.990059495 -0.140424430 -0.007941210 0.051210869 0.140453160 0.990082204 0.003178217 0.037215821 0.007416142 -0.004262002 0.999963343 -0.010989919
0.990001440 -0.140790671 -0.008657238 0.051574834 0.140820414 0.990030944 0.002923211 0.037182909 0.008159362 -0.004113107 0.999958217 -0.011715383
0.989880085 -0.141621605 -0.008972184 0.051797353 0.141643360 0.989916146 0.001832892 0.037306041 0.008622123 -0.003085202 0.999958038 -0.012006626
0.990024865 -0.140670702 -0.007891923 0.051275522 0.140674815 0.990055919 -0.000033134 0.037533905 0.007818097 -0.001077401 0.999968827 -0.011713717
0.990017653 -0.140760139 -0.007169396 0.050760794 0.140756503 0.990043819 -0.001013267 0.037360895 0.007240633 -0.000005996 0.999973774 -0.011744937
0.990062892 -0.140461400 -0.006779617 0.050633453 0.140453860 0.990085959 -0.001577726 0.036601648 0.006934003 0.000609815 0.999975741 -0.011929481
0.990018606 -0.140767127 -0.006887584 0.050713845 0.140761405 0.990042746 -0.001310124 0.035648238 0.007003416 0.000327532 0.999975383 -0.011963595
0.990108907 -0.140173480 -0.005956285 0.050120164 0.140166342 0.990126729 -0.001604351 0.035062715 0.006122353 0.000753602 0.999980986 -0.012074161
0.990021944 -0.140748426 -0.006800205 0.050780021 0.140740305 0.990045190 -0.001660560 0.034368608 0.006966223 0.000686919 0.999975443 -0.011736715
0.990198493 -0.139507413 -0.006655444 0.050677765 0.139490098 0.990218997 -0.003003256 0.034719758 0.007009313 0.002045441 0.999973357 -0.011124316
0.990256250 -0.139157265 -0.005255766 0.049845334 0.139140338 0.990266681 -0.003462025 0.034551762 0.005686366 0.002696994 0.999980152 -0.010435381
0.990071118 -0.140439779 -0.005952539 0.050554045 0.140421286 0.990086019 -0.003421856 0.034211304 0.006374080 0.002552009 0.999976397 -0.009571793
0.990069807 -0.140422910 -0.006553542 0.051138710 0.140401468 0.990088046 -0.003626516 0.034352284 0.006997820 0.002670370 0.999971926 -0.009124338
0.990004599 -0.140904576 -0.006054411 0.051061012 0.140880063 0.990017295 -0.004307665 0.034631960 0.006600932 0.003411654 0.999972343 -0.008544865
0.990006685 -0.140905291 -0.005687821 0.050791755 0.140883848 0.990018129 -0.004010966 0.034423206 0.006196202 0.003169552 0.999975741 -0.008804388
0.990037322 -0.140656918 -0.006443555 0.051166460 0.140636295 0.990054965 -0.003553218 0.034520704 0.006879248 0.002611613 0.999972939 -0.009031583
0.990067720 -0.140493289 -0.005232933 0.050134309 0.140477523 0.990078509 -0.003272263 0.034119312 0.005640736 0.002504644 0.999980927 -0.010237077
0.990107894 -0.140216634 -0.005037434 0.049788721 0.140206233 0.990119517 -0.002363984 0.033162627 0.005319122 0.001634311 0.999984443 -0.011545189
0.990250230 -0.139183149 -0.005676294 0.050391648 0.139159828 0.990260541 -0.004314886 0.033904847 0.006221560 0.003482897 0.999974489 -0.010861091
0.990235984 -0.139305845 -0.005127020 0.049975514 0.139289260 0.990245759 -0.003459014 0.033112403 0.005558860 0.002711092 0.999980807 -0.011448122
0.990300894 -0.138856307 -0.004777105 0.049909651 0.138833016 0.990303636 -0.004904253 0.033646114 0.005411761 0.004193459 0.999976516 -0.011033095
0.990338624 -0.138586536 -0.004782420 0.050035875 0.138565063 0.990342855 -0.004563113 0.033079606 0.005368611 0.003856341 0.999978065 -0.010435308
0.990295827 -0.138913423 -0.004116918 0.049986545 0.138891682 0.990294039 -0.005170069 0.033689432 0.004795140 0.004548084 0.999978125 -0.009694601
0.990196824 -0.139605194 -0.004504852 0.050344404 0.139584184 0.990199208 -0.004683478 0.033910960 0.005114529 0.004008750 0.999978900 -0.009765781
0.990206778 -0.139538735 -0.004393847 0.050747745 0.139511585 0.990202487 -0.005976965 0.034609541 0.005184806 0.005305430 0.999972463 -0.009031242
0.989958286 -0.141277835 -0.004787535 0.051215738 0.141248032 0.989955664 -0.006081650 0.034692440 0.005598641 0.005344341 0.999969959 -0.008636031
0.989958048 -0.141251847 -0.005548383 0.051820222 0.141217113 0.989959061 -0.006221573 0.035288263 0.006371472 0.005375561 0.999965191 -0.007865846
0.989927769 -0.141462624 -0.005596172 0.051837742 0.141430065 0.989931047 -0.005841147 0.034965787 0.006366119 0.004990837 0.999967277 -0.008045589
0.990032673 -0.140724659 -0.005618431 0.051957704 0.140688151 0.990033150 -0.006436499 0.034672294 0.006468195 0.005581890 0.999963462 -0.008505619
0.990187526 -0.139649287 -0.005147169 0.051446527 0.139613330 0.990182877 -0.006784105 0.034454133 0.006044025 0.005998915 0.999963701 -0.008651604
0.990271747 -0.139005631 -0.006254056 0.051857416 0.138976425 0.990283668 -0.004884812 0.032972399 0.006872297 0.003968116 0.999968469 -0.009164259
0.990562856 -0.136952251 -0.005384643 0.050669909 0.136925235 0.990568221 -0.005100182 0.032623690 0.006032327 0.004314750 0.999972463 -0.009782128
0.990629375 -0.136459798 -0.005644162 0.050804235 0.136424944 0.990631342 -0.006158340 0.032607608 0.006431640 0.005330620 0.999965072 -0.009945811
0.990465462 -0.137609601 -0.006446523 0.051054802 0.137571856 0.990473866 -0.005973456 0.031954996 0.007207107 0.005029632 0.999961317 -0.010512303
0.990685046 -0.136048049 -0.005823159 0.050221212 0.136017784 0.990692198 -0.005314148 0.031075329 0.006491927 0.004472585 0.999968886 -0.011173168
0.990792572 -0.135282740 -0.005323796 0.049696386 0.135253951 0.990796089 -0.005440464 0.030870564 0.006010787 0.004670299 0.999970973 -0.010609716
0.990729332 -0.135744870 -0.005338197 0.049559280 0.135717273 0.990733862 -0.005229500 0.029951304 0.005998600 0.004456524 0.999971986 -0.011072449
0.990760684 -0.135504186 -0.005626244 0.049666401 0.135470733 0.990763366 -0.005956463 0.030486295 0.006381392 0.005139229 0.999966383 -0.010853811
0.990744114 -0.135632172 -0.005445323 0.049496170 0.135599837 0.990746081 -0.005919554 0.030291686 0.006197805 0.005126371 0.999967635 -0.011006062
0.990773261 -0.135411575 -0.005628127 0.049732603 0.135379568 0.990777314 -0.005725912 0.030531645 0.006351566 0.004911141 0.999967694 -0.009763592
0.990759134 -0.135519296 -0.005526705 0.050010286 0.135485888 0.990760982 -0.006026529 0.030230178 0.006292345 0.005222040 0.999966502 -0.008938216
0.990703881 -0.135919929 -0.005595150 0.050085995 0.135889724 0.990708888 -0.005465892 0.029811393 0.006286079 0.004654748 0.999969363 -0.008654503
0.990615189 -0.136517689 -0.006644655 0.050897736 0.136478752 0.990624845 -0.006000211 0.030272728 0.007401486 0.005037039 0.999959886 -0.008205963
0.990566730 -0.136853501 -0.006954377 0.051016122 0.136810407 0.990577042 -0.006335032 0.030214399 0.007755808 0.005323834 0.999955714 -0.007778813
0.990925670 -0.134230167 -0.006952096 0.050475284 0.134195417 0.990941107 -0.005247323 0.029124338 0.007593455 0.004266760 0.999962091 -0.008692086
0.991153955 -0.132532045 -0.006981616 0.050210759 0.132501557 0.991171896 -0.004660136 0.028412443 0.007537587 0.003693830 0.999964774 -0.009260559
0.991280556 -0.131575227 -0.007100538 0.049439829 0.131541342 0.991297841 -0.005046275 0.028410254 0.007702704 0.004068252 0.999961972 -0.009425887
0.991496384 -0.129900455 -0.007773085 0.049331352 0.129863277 0.991518795 -0.005113342 0.027833747 0.008371376 0.004060415 0.999956667 -0.010109914
0.991722167 -0.128198177 -0.007217350 0.047846567 0.128172189 0.991744101 -0.003956656 0.026760621 0.007664991 0.002998831 0.999966145 -0.011940258
0.991876602 -0.127053365 -0.006171638 0.046811074 0.127028689 0.991890013 -0.004241294 0.027158977 0.006660447 0.003422857 0.999971926 -0.013692298
0.991846204 -0.127346471 -0.004862842 0.046116754 0.127327651 0.991852701 -0.003999405 0.028869607 0.005332523 0.003347611 0.999980092 -0.015314172
0.991605401 -0.129231721 -0.004222939 0.046737116 0.129212037 0.991606116 -0.004646804 0.031431232 0.004787997 0.004062132 0.999980271 -0.017487613
0.991278410 -0.131768480 -0.001962785 0.046826463 0.131754830 0.991264522 -0.005952748 0.034905624 0.002730012 0.005642216 0.999980330 -0.019687254
0.990810990 -0.135250747 0.000756610 0.046809498 0.135251984 0.990769148 -0.009132132 0.039238006 0.000485492 0.009150540 0.999957979 -0.022021390
0.990291238 -0.138948232 0.004048516 0.048569359 0.139001116 0.990100265 -0.019496817 0.044975638 -0.001299399 0.019870272 0.999801695 -0.022821099
0.990304232 -0.138285369 0.013217898 0.046994805 0.138545215 0.990126371 -0.021325158 0.047012746 -0.010138448 0.022949673 0.999685049 -0.027130071
0.990030289 -0.139567003 0.019008145 0.046300698 0.139987886 0.989886582 -0.022975426 0.050214522 -0.015609314 0.025407277 0.999555230 -0.029328529
0.989546180 -0.141460627 0.028058514 0.045861229 0.142145276 0.989551902 -0.024117082 0.054274801 -0.024353756 0.027853353 0.999315262 -0.029915955
0.988717020 -0.145823911 0.034265295 0.046313766 0.146697864 0.988876939 -0.024536133 0.058572352 -0.030306218 0.029285939 0.999111295 -0.032395788
0.987742364 -0.151826456 0.036245804 0.049215198 0.152786747 0.987933576 -0.025368579 0.063389525 -0.031956829 0.030595500 0.999020696 -0.034999281
0.986732483 -0.157526433 0.039300863 0.050433338 0.158662960 0.986944675 -0.027684137 0.066303693 -0.034426793 0.033552423 0.998843729 -0.035703883
0.986220121 -0.159795225 0.042842045 0.051486548 0.161017865 0.986588299 -0.026771214 0.066691726 -0.037989561 0.033300649 0.998722970 -0.038862359
0.985863268 -0.162240505 0.041855052 0.053101745 0.163365096 0.986249089 -0.024991833 0.066014975 -0.037224825 0.031476181 0.998810887 -0.042542327
0.986103356 -0.160385177 0.043322608 0.052775651 0.161572665 0.986532927 -0.025438316 0.066362306 -0.038659249 0.032084558 0.998737037 -0.045427274
0.986246169 -0.158321053 0.047465295 0.051993292 0.159688756 0.986810684 -0.026535109 0.067087777 -0.042638190 0.033749819 0.998520255 -0.046841655
0.986050487 -0.159480125 0.047650985 0.053095683 0.160772860 0.986684084 -0.024630222 0.065512247 -0.043088440 0.031947635 0.998560190 -0.050398316
0.986193538 -0.158116728 0.049207628 0.052560136 0.159422368 0.986922860 -0.023823868 0.064328626 -0.044797193 0.031339727 0.998504221 -0.055242371
0.986201346 -0.157741934 0.050243702 0.052729331 0.159110114 0.986957133 -0.024481947 0.064208172 -0.045726560 0.032138396 0.998436749 -0.056979667
0.986170828 -0.157417402 0.051836926 0.052488461 0.158906102 0.986952662 -0.025947100 0.064115241 -0.047076076 0.033825461 0.998318255 -0.057952307
0.986212015 -0.156740367 0.053088244 0.052574206 0.158440262 0.986928821 -0.029461931 0.065591067 -0.047776457 0.037467010 0.998154938 -0.057830125
0.986020744 -0.157865673 0.053308420 0.053003423 0.159595564 0.986729622 -0.029896900 0.065082021 -0.047881320 0.037986737 0.998130322 -0.057655316
0.985966504 -0.158151358 0.053461667 0.053292554 0.159933299 0.986645460 -0.030855333 0.065399803 -0.047867909 0.038972612 0.998092890 -0.056717869
0.986135125 -0.156979620 0.053805687 0.053415492 0.158909783 0.986718595 -0.033672802 0.067487456 -0.047805149 0.041756175 0.997983277 -0.054381520
0.986103714 -0.157201663 0.053733647 0.053544041 0.159154549 0.986660719 -0.034208696 0.067648165 -0.047639236 0.042285267 0.997969031 -0.053558618
0.985911608 -0.158033326 0.054807104 0.052655719 0.159943357 0.986594617 -0.032389026 0.066003926 -0.048953872 0.040698733 0.997971356 -0.053218044
0.985756457 -0.159084678 0.054556046 0.052653451 0.160950840 0.986453474 -0.031685613 0.065168925 -0.048776329 0.040015116 0.998007715 -0.053216863
0.985844910 -0.159328386 0.052195996 0.054422420 0.161149874 0.986386359 -0.032749902 0.065477669 -0.046267454 0.040697690 0.998099506 -0.051373456
0.986074150 -0.157941341 0.052081134 0.054251261 0.159787431 0.986586273 -0.033399455 0.065544292 -0.046107389 0.041256234 0.998084009 -0.050835591
0.982576907 -0.180037990 0.046139542 0.058861271 0.180647388 0.983503342 -0.009363368 0.048363574 -0.043692626 0.017535213 0.998891056 -0.065299787
0.982471764 -0.180773437 0.045499980 0.058852781 0.181298330 0.983398378 -0.007652847 0.046430502 -0.043361180 0.015767772 0.998935044 -0.066792041
0.982756078 -0.179229677 0.045466613 0.058934040 0.179866642 0.983637094 -0.010295518 0.047601722 -0.042877387 0.018295906 0.998912811 -0.065047368
0.982752800 -0.179330289 0.045140129 0.058916491 0.180010095 0.983598232 -0.011442273 0.048162129 -0.042347807 0.019370602 0.998915076 -0.064964272
0.982505143 -0.180934682 0.044118319 0.059303299 0.181437969 0.983372688 -0.007650197 0.044935871 -0.042000566 0.015521091 0.998996973 -0.066393182
0.982469022 -0.181056499 0.044420637 0.059205003 0.181589648 0.983339787 -0.008242844 0.045066923 -0.042188160 0.016164662 0.998978853 -0.065655448
0.982326627 -0.181951120 0.043911204 0.059967723 0.182493076 0.983169317 -0.008633253 0.045299355 -0.041601311 0.016494162 0.998998106 -0.064296976
0.982215047 -0.182706878 0.043263581 0.060177919 0.183244884 0.983028054 -0.008781354 0.045386359 -0.040924903 0.016553009 0.999025047 -0.063870013
0.982325852 -0.182099536 0.043310449 0.060520731 0.182686314 0.983120739 -0.009966928 0.046187900 -0.040764436 0.017702999 0.999011874 -0.062578268
0.982599914 -0.179933712 0.046057004 0.058345288 0.180638835 0.983481109 -0.011600905 0.047375247 -0.043208800 0.019718733 0.998871446 -0.062189721
0.982457519 -0.180645838 0.046307337 0.058252458 0.181366071 0.983344674 -0.011820771 0.047328621 -0.043400697 0.020011984 0.998857200 -0.061926298
0.982583463 -0.179932281 0.046411801 0.058225349 0.180644438 0.983480036 -0.011602347 0.047157053 -0.043557439 0.019784309 0.998854995 -0.061419141
0.982377172 -0.181880355 0.043065596 0.060899235 0.182499066 0.983146071 -0.010866643 0.046407625 -0.040363342 0.018534575 0.999013186 -0.060940679
0.982328713 -0.182171345 0.042939901 0.060819373 0.182787254 0.983092546 -0.010849129 0.046537809 -0.040237505 0.018506279 0.999018788 -0.060751826
0.985847533 -0.161284730 0.045739241 0.058267999 0.162805527 0.986148179 -0.031717993 0.060589761 -0.039990056 0.038715687 0.998449564 -0.047243983
0.982219458 -0.182777211 0.042865787 0.060594566 0.183341548 0.983002424 -0.009592364 0.045490656 -0.040383913 0.017280884 0.999034762 -0.062136456
0.982301474 -0.182230160 0.043313250 0.060130551 0.182776958 0.983113348 -0.008985317 0.044871826 -0.040944446 0.016742956 0.999021113 -0.062610149
0.982234478 -0.182613537 0.043216985 0.060017250 0.183113068 0.983060420 -0.007863456 0.043715920 -0.041048922 0.015637359 0.999034762 -0.063056603
0.982242167 -0.182527006 0.043409161 0.059912894 0.183062479 0.983063161 -0.008664659 0.044825327 -0.041092407 0.016457388 0.999019802 -0.062735714
0.985812485 -0.160589725 0.048831809 0.055118650 0.162200227 0.986270487 -0.031006843 0.060330331 -0.043182004 0.038487453 0.998325467 -0.049080387
0.982170761 -0.182928428 0.043335192 0.060522195 0.183576196 0.982938945 -0.011439132 0.046483684 -0.040503308 0.019190490 0.998995125 -0.061394248
0.982068121 -0.183484957 0.043307196 0.060578227 0.184131935 0.982835174 -0.011421709 0.046554953 -0.040468127 0.019191129 0.998996496 -0.061267413
0.981808424 -0.184974819 0.042854354 0.060629655 0.185560197 0.982581198 -0.010076146 0.045720149 -0.040244054 0.017844912 0.999030590 -0.062417950
0.981942296 -0.184128731 0.043427825 0.060339320 0.184769765 0.982717931 -0.011205696 0.046529219 -0.040614013 0.019027496 0.998993695 -0.061753437
0.981922507 -0.184143201 0.043813236 0.060191464 0.184815302 0.982702613 -0.011785034 0.046831015 -0.040885247 0.019669348 0.998970270 -0.061489735
0.981823683 -0.184422314 0.044841491 0.059552789 0.185151890 0.982628286 -0.012666091 0.047415175 -0.041726608 0.020738360 0.998913825 -0.061173402
0.985357940 -0.163478225 0.048423387 0.056586798 0.165240526 0.985634625 -0.034926429 0.062833637 -0.042018075 0.042416532 0.998215914 -0.046592645
0.985308170 -0.163236484 0.050215926 0.055312108 0.165084198 0.985653520 -0.035132222 0.062983505 -0.043760661 0.042905904 0.998120129 -0.046342995
0.981280446 -0.187683240 0.043170270 0.061858688 0.188486084 0.981956542 -0.015310636 0.049446896 -0.039517775 0.023161024 0.998950362 -0.058210179
0.981234431 -0.187807411 0.043672889 0.061218549 0.188584700 0.981951714 -0.014381053 0.048551686 -0.040183797 0.022347225 0.998942375 -0.058771703
0.984976828 -0.165861458 0.048070066 0.057241183 0.167687654 0.985152602 -0.036813360 0.064310931 -0.041250449 0.044321045 0.998165190 -0.043968894
0.981200337 -0.188203201 0.042725101 0.061877288 0.189003065 0.981854320 -0.015489784 0.049623337 -0.039034601 0.023273759 0.998966753 -0.057225302
0.981165946 -0.188430920 0.042511232 0.061910432 0.189203888 0.981824458 -0.014921548 0.048892386 -0.038926885 0.022683803 0.998984516 -0.057402715
0.981244981 -0.187954575 0.042794369 0.061534129 0.188704178 0.981931686 -0.014172661 0.048088562 -0.039357334 0.021982331 0.998983324 -0.057273779
0.981194437 -0.188302621 0.042422254 0.061829235 0.189052448 0.981861711 -0.014382740 0.047762282 -0.038944479 0.022132305 0.998996198 -0.057494521
0.981307805 -0.187663674 0.042630829 0.061451077 0.188433796 0.981974483 -0.014793446 0.048047952 -0.039086193 0.022550011 0.998981297 -0.056802556
0.984962463 -0.166521132 0.046040274 0.058203142 0.168234885 0.985080898 -0.036234427 0.062181808 -0.039319582 0.043435108 0.998282254 -0.042603921
0.984980404 -0.166400373 0.046092879 0.058055431 0.168099701 0.985119343 -0.035811860 0.061989937 -0.039447870 0.043022159 0.998295069 -0.042288594
0.984922111 -0.166814625 0.045840736 0.058225956 0.168517679 0.985034227 -0.036182832 0.062038828 -0.039118856 0.043362219 0.998293340 -0.042249203
0.984728575 -0.168085486 0.045353357 0.058280770 0.169766501 0.984820783 -0.036156446 0.062228628 -0.038587548 0.043303743 0.998316526 -0.042022809
0.984781802 -0.167757213 0.045413032 0.058206379 0.169444710 0.984872639 -0.036257733 0.062189139 -0.038643543 0.043400932 0.998310089 -0.041751757
0.984898269 -0.167146742 0.045138113 0.058206640 0.168813989 0.984988689 -0.036043186 0.061909992 -0.038436025 0.043118797 0.998330295 -0.041497905
0.984861553 -0.167254418 0.045537047 0.057824209 0.168954149 0.984950244 -0.036435012 0.061721087 -0.038757797 0.043577094 0.998298049 -0.040971495
0.984934926 -0.166875988 0.045340251 0.057662144 0.168583095 0.984998405 -0.036848966 0.061729223 -0.038510855 0.043937404 0.998291850 -0.040628482
0.985009134 -0.166645691 0.044566903 0.057932261 0.168306336 0.985058069 -0.036520150 0.061411176 -0.037815049 0.043473557 0.998338699 -0.040486306
0.985239327 -0.165179163 0.044937167 0.057340551 0.166854456 0.985306323 -0.036482602 0.061299305 -0.038250700 0.043442037 0.998323500 -0.039894175
0.985300422 -0.164946333 0.044449881 0.057266410 0.166604519 0.985344648 -0.036592390 0.061028823 -0.037762661 0.043460030 0.998341322 -0.039795924
0.985204816 -0.165758967 0.043536145 0.057704385 0.167375058 0.985216379 -0.036527880 0.061197642 -0.036837693 0.043274287 0.998383880 -0.040125839
0.985377908 -0.164698094 0.043647137 0.057380252 0.166319922 0.985394061 -0.036552366 0.060996104 -0.036989521 0.043277264 0.998378217 -0.039666895
0.985364854 -0.164830551 0.043439671 0.057437986 0.166420385 0.985400140 -0.035928864 0.060891565 -0.036883272 0.042632259 0.998409867 -0.039676931
0.985286772 -0.165325508 0.043327913 0.057380930 0.166918591 0.985307932 -0.036146469 0.060984261 -0.036715396 0.042846859 0.998406827 -0.039609224
0.985213161 -0.165875554 0.042903312 0.057615574 0.167410642 0.985263824 -0.035053872 0.060585935 -0.036456496 0.041717980 0.998464167 -0.039557293
0.985161722 -0.166266888 0.042563654 0.057705421 0.167789206 0.985198200 -0.035091765 0.061000440 -0.036099024 0.041712772 0.998477399 -0.039792795
0.985183418 -0.166099578 0.042714518 0.057479754 0.167624637 0.985229552 -0.034995556 0.061154634 -0.036270849 0.041637029 0.998474240 -0.039481636
0.985094428 -0.166704014 0.042412233 0.057637278 0.168228135 0.985115230 -0.035317585 0.061385073 -0.035893347 0.041926071 0.998475790 -0.039619826
0.985122979 -0.166496098 0.042563353 0.057345595 0.168003604 0.985176086 -0.034683671 0.060863461 -0.036157697 0.041318461 0.998491585 -0.039088123
0.985165834 -0.166395023 0.041965764 0.057701953 0.167875260 0.985200584 -0.034611147 0.060595445 -0.035585560 0.041142713 0.998519421 -0.039410204
